[1] "Doing algorithm validation"
[1] "print difference with expert "
   site year DCL_diff fileId
1  ER63 1999    12.95    311
2  ER10 2010     7.00   1556
3  ER15 1999     5.25    297
4  ER10 2003    -3.50    750
5  ER15 2009    -2.15   1444
6  ER31 1999    -1.65    300
7  ER09 2003     1.25    749
8  ER78 1999    -1.00    314
9  ER10 1999     0.85    296
10 ER63 2003     0.55    764
11 ER09 2009    -0.50   1441
12 ER31 2005     0.50    987
13 ER37 2005     0.50    990
14 ER37 2008     0.45   1330
15 ER43 1999     0.45    306
16 ER63 2009     0.30   1457
17 ER42 2006    -0.10   1101
18 ER10 2004     0.00    866
19 ER10 2005     0.00    983
20 ER15 2005     0.00    984
[1] "print difference with expert "
   site year DCL_diff fileId
1  HU45 2011    36.05   1700
2  HU32 2011    28.75   1696
3  HU48 2011    28.50   1701
4  HU06 2009   -19.50   1465
5  HU15 2011    16.00   1694
6  HU32 2004     9.75    893
7  HU37 2003     9.35    778
8  HU54 2004    -5.50    901
9  HU45 2004    -5.25    897
10 HU37 2005     5.00   1012
11 HU12 2006    -4.85   1120
12 HU61 1999     4.50    337
13 HU45 2008    -3.90   1356
14 HU32 1999    -3.60    327
15 HU32 2007     3.30   1239
16 HU93 2008    -2.70   1362
17 HU54 2007     2.65   1246
18 HU45 2010    -2.60   1589
19 HU15 2005    -2.50   1008
20 HU48 2006    -2.40   1129
[1] "print difference with expert "
   site year DCL_diff fileId
1  MI41 2010   -16.85   1611
2  MI19 1999   -15.00    348
3  MI32 2005    10.95   1035
4  MI40 2005     9.25   1037
5  MI17 2005    -7.75   1027
6  MI19 2006    -6.80   1143
7  MI17 2004     4.25    911
8  MI19 2011     4.25   1716
9  MI32 2004     4.25    920
10 MI19 2003    -3.55    796
11 MI41 2004     3.50    923
12 MI41 2005     3.50   1038
13 MI18 2007     3.45   1257
14 MI40 2003    -2.75    804
15 MI17 2009     2.55   1487
16 MI17 1999    -2.25    345
17 MI27 1999    -2.25    350
18 MI19 2005     2.00   1029
19 MI34 2008     1.90   1378
20 MI32 2010    -1.85   1608
[1] "print difference with expert "
   site year DCL_diff fileId
1  ON63 2011   -20.50   1746
2  ON49 2011   -11.10   1742
3  ON25 1999    -3.80    371
4  ON60 2004    -3.75    946
5  ON55 2007    -2.35   1287
6  ON55 2005    -1.95   1055
7  ON25 2006    -1.80   1195
8  ON33 2008    -1.70   1395
9  ON41 1999     1.50    377
10 ON41 2004    -1.50    942
11 ON41 2010    -1.50   1628
12 ON55 2004     1.50    944
13 ON12 2011    -1.25   1737
14 ON33 2009     1.25   1514
15 ON60 2011    -1.25   1745
16 ON33 2006    -1.20   1197
17 ON49 2010    -1.15   1629
18 ON55 2008    -1.00   1399
19 ON33 1999     0.90    372
20 ON49 2006    -0.85   1200
[1] "print difference with expert "
   site year DCL_diff fileId
1  SU15 1999   -30.50    407
2  SU09 2011   -12.60   1763
3  SU13 2011    -8.60   1767
4  SU16 2004    -7.75    973
5  SU14 2004    -7.50    971
6  SU18 2005    -7.10   1082
7  SU15 2004    -7.00    972
8  SU16 2003     6.85    855
9  SU14 1999    -6.75    406
10 SU19 2004     6.75    977
11 SU17 2008     6.50   1433
12 SU06 2010    -6.35   1645
13 SU06 1999    -6.25    396
14 SU09 2006    -6.00   1174
15 SU02 2006     5.00   1166
16 SU03 2004    -5.00    958
17 SU14 2007    -4.70   1312
18 SU14 2009    -4.40   1543
19 SU14 2008    -4.20   1429
20 SU05 2008     4.05   1419
$ER
   Min. 1st Qu.  Median    Mean 3rd Qu.    Max.    NA's 
 -3.500  -0.100   0.300   1.007   0.550  12.950     331 

$HU
    Min.  1st Qu.   Median     Mean  3rd Qu.     Max.     NA's 
-19.5000  -0.7250  -0.0500   0.7704   0.5000  36.0500      185 

$MI
    Min.  1st Qu.   Median     Mean  3rd Qu.     Max.     NA's 
-16.8500  -0.9500  -0.2500  -0.3028   0.3875  10.9500      230 

$ON
    Min.  1st Qu.   Median     Mean  3rd Qu.     Max.     NA's 
-20.5000  -0.6500  -0.2500  -0.8397   0.0000   1.5000      139 

$SU
    Min.  1st Qu.   Median     Mean  3rd Qu.     Max.     NA's 
-30.5000  -1.5000  -0.6500  -0.9588   0.2500   6.8500      187 

     site year fileId expert_DCL DCL_diff DCL_depth
13   ER09 2010   1555     21.100       NA        NA
14   ER09 2011   1666     12.800       NA        NA
45   ER15 2010   1558     23.100       NA        NA
50   ER30 1999    299     17.100       NA        NA
82   ER32 1999    301     17.100       NA        NA
98   ER36 1999    302     17.800       NA        NA
104  ER36 2005    989     15.000       NA        NA
114  ER37 1999    303     18.500       NA        NA
130  ER38 1999    304     13.000       NA        NA
146  ER42 1999    305     15.900       NA        NA
258  ER73 1999    312     17.000       NA        NA
264  ER73 2005    999     17.500       NA        NA
279  ER78 2004    882     19.000       NA        NA
280  ER78 2005   1000     18.500       NA        NA
413  HU15 2010   1583     44.100       NA        NA
427  HU27 2008   1351     45.100       NA        NA
445  HU32 2010   1585     40.000       NA        NA
1042 ON49 1999    380     28.000       NA        NA
1085 ON60 2010   1632     15.200       NA        NA
1091 ON63 2000    491     18.232       NA        NA
1100 ON63 2009   1520      9.800       NA        NA
1367 SU12 2004    969     20.000       NA        NA
1384 SU13 2005   1076     44.200       NA        NA
[1] "DCL"
# A tibble: 5 × 5
   lake totalN only_pred only_expert allExist
  <chr>  <int>     <int>       <int>    <int>
1    ER    352       158          14       21
2    HU    288       149           3      103
3    MI    336       183           0      106
4    ON    208        86           4       69
5    SU    368       167           2      181
$stats
      [,1]   [,2]  [,3]  [,4]  [,5]
[1,] -1.00 -2.500 -2.75 -1.50 -3.60
[2,] -0.10 -0.725 -1.00 -0.65 -1.50
[3,]  0.30 -0.050 -0.25 -0.25 -0.65
[4,]  0.55  0.500  0.40  0.00  0.25
[5,]  1.25  2.250  2.00  0.90  2.55

$n
[1]  21 103 106  69 181

$conf
           [,1]       [,2]        [,3]       [,4]       [,5]
[1,] 0.07589023 -0.2407105 -0.46484843 -0.3736363 -0.8555208
[2,] 0.52410977  0.1407105 -0.03515157 -0.1263637 -0.4444792

$out
 [1]  -3.50   7.00   5.25  -2.15  -1.65  12.95 -19.50  -4.85  16.00  -3.60   9.75
[12]   3.30  28.75   9.35   5.00  -5.25  -3.90  -2.60  36.05  28.50  -5.50   2.65
[23]   4.50  -2.70   4.25  -7.75   2.55   3.45 -15.00  -3.55  -6.80   4.25   4.25
[34]  10.95   9.25   3.50   3.50 -16.85  -3.80  -1.80  -1.70   1.25   1.50 -11.10
[45]   1.50  -1.95  -2.35  -3.75 -20.50   3.25   5.00  -5.00   4.05  -6.25  -6.35
[56]  -6.00 -12.60   3.25  -8.60  -6.75  -7.50  -4.70  -4.20  -4.40 -30.50  -7.00
[67]   3.25   6.85  -7.75   3.35   6.50  -7.10   6.75

$group
 [1] 1 1 1 1 1 1 2 2 2 2 2 2 2 2 2 2 2 2 2 2 2 2 2 2 3 3 3 3 3 3 3 3 3 3 3 3 3 3 4 4 4
[42] 4 4 4 4 4 4 4 4 5 5 5 5 5 5 5 5 5 5 5 5 5 5 5 5 5 5 5 5 5 5 5 5

$names
[1] "ER" "HU" "MI" "ON" "SU"

[1] "print difference with expert "
   site year TRM_diff fileId
1  ER15 1999    4.750    297
2  ER78 2007    4.650   1227
3  ER15 2001    3.500    544
4  ER63 2002   -3.500    658
5  ER10 2002   -2.800    644
6  ER10 1999    2.750    296
7  ER09 2000   -2.713    415
8  ER15 2000   -2.607    417
9  ER10 2001    2.250    543
10 ER73 2000    2.165    431
11 ER15 2006   -2.150   1093
12 ER63 1998   -2.000    204
13 ER15 2003   -1.700    751
14 ER09 1998   -1.500    188
15 ER15 1998   -1.250    190
16 ER43 2001   -1.100    552
17 ER10 2000    1.017    416
18 ER09 2001    1.000    542
19 ER37 1998    1.000    195
20 ER73 1998   -1.000    205
[1] "print difference with expert "
   site year TRM_diff fileId
1  HU37 1998  -12.250    223
2  HU48 2002  -11.250    674
3  HU38 2001  -10.550    572
4  HU06 1998  -10.500    215
5  HU12 2001   -8.750    566
6  HU45 2000   -7.659    446
7  HU54 2010   -6.750   1592
8  HU53 2000   -6.295    449
9  HU09 2002   -6.100    666
10 HU45 2009   -5.700   1475
11 HU93 2001   -5.250    578
12 HU45 2006    4.700   1127
13 HU54 2007   -4.600   1246
14 HU37 2001   -4.200    571
15 HU54 2005    4.050   1018
16 HU15 2001   -4.000    567
17 HU48 1998   -4.000    227
18 HU45 1998   -3.900    225
19 HU45 2007   -3.850   1242
20 HU12 2000   -3.739    438
[1] "print difference with expert "
   site year TRM_diff fileId
1  MI18 2011   -9.000   1715
2  MI41 1998   -7.500    249
3  MI27 2006    7.350   1145
4  MI11 1998   -5.821    239
5  MI23 1998   -4.800    244
6  MI34 2002   -4.750    693
7  MI41 2010   -4.550   1611
8  MI47 2002    4.550    698
9  MI18 2003   -4.500    795
10 MI27 2002   -4.500    690
11 MI18 2001   -4.450    585
12 MI40 1998   -4.350    248
13 MI27 2010   -4.300   1605
14 MI19 1998   -4.250    243
15 MI40 1999    4.250    356
16 MI27 2011   -4.200   1719
17 MI34 1998   -3.550    247
18 MI17 1998   -3.300    240
19 MI18 2004   -3.250    912
20 MI18 2008   -3.100   1370
[1] "print difference with expert "
   site year TRM_diff fileId
1  ON63 1998  -11.750    264
2  ON25 1998  -10.000    256
3  ON25 2000   -6.734    482
4  ON33 2001   -5.450    609
5  ON55 1999   -4.850    383
6  ON25 1999   -4.850    371
7  ON49 1999    4.500    380
8  ON55 2004   -4.500    944
9  ON55 2001   -4.250    614
10 ON41 2000   -3.907    485
11 ON55 2003    3.750    824
12 ON60 1999   -3.750    386
13 ON60 2000   -3.710    490
14 ON55 2000   -3.313    487
15 ON25 2001   -2.750    608
16 ON33 2004   -2.750    940
17 ON33 1999   -2.700    372
18 ON49 2001   -2.700    612
19 ON33 2009   -2.250   1514
20 ON55 2002   -2.000    717
[1] "print difference with expert "
   site year TRM_diff fileId
1  SU12 1998  -17.600    284
2  SU09 2002  -16.150    734
3  SU08 2002   10.600    733
4  SU16 1999   -9.800    408
5  SU06 2002    8.950    731
6  SU15 1998   -8.850    287
7  SU12 1999   -8.000    404
8  SU01 2004    7.000    955
9  SU03 1998   -6.550    274
10 SU05 2000    6.278    501
11 SU06 1998   -6.250    279
12 SU17 2003   -6.150    857
13 SU13 1998   -6.100    285
14 SU14 1998   -5.800    286
15 SU17 2004   -5.750    974
16 SU01 2011   -5.300   1753
17 SU17 2005   -5.000   1081
18 SU14 2000   -4.590    511
19 SU06 2000   -4.274    502
20 SU03 1999   -4.250    393
$ER
    Min.  1st Qu.   Median     Mean  3rd Qu.     Max.     NA's 
-3.50000 -0.50000 -0.09800 -0.04801  0.25000  4.75000      271 

$HU
   Min. 1st Qu.  Median    Mean 3rd Qu.    Max.    NA's 
-12.250  -2.750  -1.150  -1.466   0.500   4.700     195 

$MI
   Min. 1st Qu.  Median    Mean 3rd Qu.    Max.    NA's 
 -9.000  -3.038  -1.056  -1.267   0.250   7.350     262 

$ON
   Min. 1st Qu.  Median    Mean 3rd Qu.    Max.    NA's 
-11.750  -2.750  -1.000  -1.755  -0.250   4.500     159 

$SU
    Min.  1st Qu.   Median     Mean  3rd Qu.     Max.     NA's 
-17.6000  -2.3520  -0.4665  -1.0510   0.7875  10.6000      262 

     site year fileId expert_TRM TRM_diff TRM_segment
1303 SU08 2004    964       19.0       NA          NA
1365 SU12 2002    737       13.0       NA          NA
1381 SU13 2002    738       15.0       NA          NA
1397 SU14 2002    739       17.8       NA          NA
1413 SU15 2002    740       12.0       NA          NA
1461 SU18 2002    743       16.0       NA          NA
[1] "TRM"
# A tibble: 5 × 5
   lake totalN only_pred only_expert allExist
  <chr>  <int>     <int>       <int>    <int>
1    ER    352       188           0       81
2    HU    288       179           0       93
3    MI    336       247           0       74
4    ON    208       139           0       49
5    SU    368       232           6      106
$stats
       [,1]  [,2]   [,3]   [,4]    [,5]
[1,] -1.500 -6.75 -7.500 -5.450 -6.5500
[2,] -0.500 -2.75 -3.050 -2.750 -2.3860
[3,] -0.098 -1.15 -1.056 -1.000 -0.4665
[4,]  0.250  0.50  0.250 -0.250  0.8000
[5,]  1.017  4.70  4.550  1.114  3.5000

$n
[1]  81  93  74  49 106

$conf
            [,1]       [,2]       [,3]       [,4]        [,5]
[1,] -0.22966667 -1.6824747 -1.6621152 -1.5642857 -0.95543365
[2,]  0.03366667 -0.6175253 -0.4498848 -0.4357143  0.02243365

$out
 [1]  -2.713   2.750   2.250  -2.800   4.750  -2.607   3.500  -1.700  -2.150  -2.000
[11]  -3.500   2.165   4.650 -10.500  -8.750 -12.250 -10.550  -7.659 -11.250  -9.000
[21]   7.350 -10.000  -6.734   4.500   3.750 -11.750   7.000   6.278   8.950  10.600
[31] -16.150 -17.600  -8.000  -8.850  -9.800

$group
 [1] 1 1 1 1 1 1 1 1 1 1 1 1 1 2 2 2 2 2 2 3 3 4 4 4 4 4 5 5 5 5 5 5 5 5 5

$names
[1] "ER" "HU" "MI" "ON" "SU"

[1] "print difference with expert "
   site year UHY_diff fileId
1  ER15 2001   10.500    544
2  ER15 2010   10.200   1558
3  ER15 2000    9.871    417
4  ER15 1998   -8.000    190
5  ER15 2011    7.600   1668
6  ER63 2001    7.400    557
7  ER09 2001    4.000    542
8  ER73 2000    3.488    431
9  ER15 2003   -3.000    751
10 ER15 2007   -2.800   1212
11 ER38 2000    2.586    423
12 ER09 2002   -2.500    643
13 ER10 2002   -2.200    644
14 ER09 1998   -2.000    188
15 ER38 2001    2.000    550
16 ER37 2000   -1.679    422
17 ER30 1998   -1.500    191
18 ER36 2000    1.500    421
19 ER38 1998   -1.500    196
20 ER63 1998   -1.500    204
[1] "print difference with expert "
   site year UHY_diff fileId
1  HU38 1998     52.7    224
2  HU53 1998     31.6    229
3  HU93 1998     25.5    233
4  HU32 1998     25.2    222
5  HU15 1998     24.0    218
6  HU48 1998     22.8    227
7  HU54 1998    -22.0    230
8  HU15 2009     21.6   1469
9  HU45 2011     17.7   1700
10 HU12 1998     17.5    217
11 HU32 2002    -17.5    670
12 HU15 2002     13.0    668
13 HU93 2001    -12.9    578
14 HU12 2002    -12.7    667
15 HU45 2010     12.3   1589
16 HU48 2002    -12.0    674
17 HU53 2001    -12.0    575
18 HU37 1998    -11.1    223
19 HU45 2003     11.0    781
20 HU15 2006     10.0   1121
[1] "print difference with expert "
   site year UHY_diff fileId
1  MI41 2002   33.800    705
2  MI11 1998  -24.937    239
3  MI27 2008   24.700   1373
4  MI47 1998   21.300    253
5  MI41 2000  -20.631    470
6  MI41 2007   19.700   1268
7  MI40 2001  -19.000    595
8  MI34 2001  -18.500    594
9  MI27 2000   17.891    464
10 MI19 2000   17.666    462
11 MI18 2001   17.100    585
12 MI34 1998  -17.100    247
13 MI17 2000   16.987    459
14 MI32 2000   15.951    467
15 MI41 2003  -13.500    806
16 MI23 2000   12.897    463
17 MI41 2009  -10.500   1500
18 MI47 2001    9.500    600
19 MI23 2002   -8.200    689
20 MI19 2001   -8.000    587
[1] "print difference with expert "
   site year UHY_diff fileId
1  ON55 2001   44.000    614
2  ON33 1998   24.500    257
3  ON60 2002   24.000    719
4  ON63 2001   23.500    617
5  ON63 1999   21.500    387
6  ON49 2002   18.700    716
7  ON55 2002   18.000    717
8  ON60 2001   13.000    616
9  ON41 2000   12.818    485
10 ON55 1999   12.700    383
11 ON55 2003   10.000    824
12 ON55 2000    8.947    487
13 ON12 2002    8.500    711
14 ON41 1998    8.000    259
15 ON33 2001    7.500    609
16 ON55 1998   -6.000    261
17 ON55 2006    5.900   1201
18 ON25 2002    5.500    712
19 ON33 2005   -5.400   1051
20 ON33 2000    4.983    483
[1] "print difference with expert "
   site year UHY_diff fileId
1  SU15 1998   40.300    287
2  SU10 2001   36.000    631
3  SU09 1998   33.400    281
4  SU05 2002   24.200    730
5  SU01 2001   22.500    622
6  SU17 2002   22.100    742
7  SU15 2000   21.627    512
8  SU16 2001   20.800    637
9  SU04 2001  -18.400    625
10 SU08 2001  -17.600    629
11 SU02 2001  -17.000    623
12 SU10 2000   16.844    506
13 SU12 2001  -16.600    633
14 SU11 2002   15.900    736
15 SU17 2003  -15.000    857
16 SU19 2002   14.900    744
17 SU09 2001  -14.500    630
18 SU08 2002   14.400    733
19 SU01 1998   12.500    271
20 SU07 2002   12.500    732
$ER
   Min. 1st Qu.  Median    Mean 3rd Qu.    Max.    NA's 
-8.0000 -0.9970  0.3035  0.8476  1.4580 10.5000     308 

$HU
   Min. 1st Qu.  Median    Mean 3rd Qu.    Max.    NA's 
-22.000  -3.400   0.000   2.228   7.000  52.700     201 

$MI
   Min. 1st Qu.  Median    Mean 3rd Qu.    Max.    NA's 
-24.940  -6.500   0.700   1.113   7.000  33.800     283 

$ON
   Min. 1st Qu.  Median    Mean 3rd Qu.    Max.    NA's 
 -6.000  -1.375   2.500   5.896   9.737  44.000     166 

$SU
   Min. 1st Qu.  Median    Mean 3rd Qu.    Max.    NA's 
-18.400  -5.360  -0.281   2.100   7.950  40.300     290 

     site year fileId expert_UHY UHY_diff UHY_segment
68   ER31 2001    546       17.2       NA          NA
81   ER32 1998    193       21.4       NA          NA
84   ER32 2001    547       18.5       NA          NA
97   ER36 1998    194       17.0       NA          NA
113  ER37 1998    195       12.0       NA          NA
145  ER42 1998    197       17.0       NA          NA
148  ER42 2001    551       16.6       NA          NA
273  ER78 1998    206       21.0       NA          NA
276  ER78 2001    559       16.5       NA          NA
1093 ON63 2002    720       22.0       NA          NA
1303 SU08 2004    964       40.0       NA          NA
1365 SU12 2002    737       23.0       NA          NA
1381 SU13 2002    738       21.4       NA          NA
1397 SU14 2002    739       34.0       NA          NA
1413 SU15 2002    740       24.1       NA          NA
1461 SU18 2002    743       25.0       NA          NA
[1] "UHY"
# A tibble: 5 × 5
   lake totalN only_pred only_expert allExist
  <chr>  <int>     <int>       <int>    <int>
1    ER    352       149           9       44
2    HU    288       178           0       87
3    MI    336       251           0       53
4    ON    208       124           1       42
5    SU    368       253           6       78
$stats
        [,1]  [,2]    [,3] [,4]    [,5]
[1,] -3.0000 -17.5 -24.937 -6.0 -18.400
[2,] -0.9980  -3.4  -6.500 -1.5  -5.480
[3,]  0.3035   0.0   0.700  2.5  -0.281
[4,]  1.4720   7.0   7.000 10.0   8.100
[5,]  4.0000  21.6  24.700 24.5  24.200

$n
[1] 44 87 53 42 78

$conf
           [,1]      [,2]      [,3]       [,4]      [,5]
[1,] -0.2848391 -1.761695 -2.229901 -0.3036919 -2.710459
[2,]  0.8918391  1.761695  3.629901  5.3036919  2.148459

$out
 [1]  -8.000   9.871  10.500  10.200   7.600   7.400  24.000  25.200  52.700  22.800
[11]  31.600 -22.000  25.500  33.800  44.000  33.400  36.000  40.300

$group
 [1] 1 1 1 1 1 1 2 2 2 2 2 2 2 3 4 5 5 5

$names
[1] "ER" "HU" "MI" "ON" "SU"

[1] "print difference with expert "
   site year LEP_diff fileId
1  ER10 2003   -12.25    750
2  ER37 2007    -9.05   1217
3  ER43 2007    -7.85   1220
4  ER31 2001    -7.55    546
5  ER43 2001    -7.05    552
6  ER36 2001    -6.25    548
7  ER32 2005    -5.75    988
8  ER63 2001    -5.45    557
9  ER32 2001    -5.35    547
10 ER10 1998    -4.75    189
11 ER10 2001    -4.75    543
12 ER42 2001    -4.75    551
13 ER63 2003    -4.75    764
14 ER15 2001    -4.25    544
15 ER78 2009    -4.25   1459
16 ER32 2007    -3.85   1215
17 ER30 2004    -3.25    868
18 ER15 1999     2.75    297
19 ER30 2001    -2.75    545
20 ER31 2005    -2.75    987
[1] "print difference with expert "
   site year LEP_diff fileId
1  HU12 2004   -9.750    889
2  HU27 2003   -8.750    776
3  HU15 2004   -6.250    890
4  HU48 1999   -5.750    333
5  HU37 2005    5.550   1012
6  HU09 2004   -4.750    888
7  HU53 2003   -4.250    783
8  HU38 1998    3.850    224
9  HU45 2004   -3.750    897
10 HU53 1998    3.650    229
11 HU38 2003   -3.050    779
12 HU09 1998    2.750    216
13 HU15 1998   -2.750    218
14 HU54 2008    2.750   1359
15 HU48 2000   -2.620    448
16 HU09 2000    2.573    437
17 HU54 2007    2.350   1246
18 HU12 1999    2.250    323
19 HU15 1999    2.250    324
20 HU15 2007    2.250   1236
[1] "print difference with expert "
   site year LEP_diff fileId
1  MI27 2004   -6.750    916
2  MI18 2005   -5.750   1028
3  MI18 1998    5.450    241
4  MI27 2003   -4.750    799
5  MI41 2011   -4.750   1726
6  MI34 2006   -4.650   1150
7  MI11 1999    3.750    344
8  MI17 1999    3.750    345
9  MI32 1998    3.750    246
10 MI41 1999    3.750    359
11 MI27 2001   -3.250    589
12 MI41 2001    3.250    596
13 MI34 2005    3.050   1036
14 MI18 1999    2.750    346
15 MI40 1999    2.750    356
16 MI11 1998    2.544    239
17 MI18 2006   -2.450   1141
18 MI23 1999    2.250    349
19 MI23 2004   -2.250    915
20 MI41 2007   -2.150   1268
[1] "print difference with expert "
   site year LEP_diff fileId
1  ON63 2003   -9.250    826
2  ON33 1999   -4.950    372
3  ON25 2007   -4.350   1281
4  ON41 2005   -4.150   1053
5  ON33 2005   -4.050   1051
6  ON60 2003   -3.750    825
7  ON12 2000    3.716    481
8  ON63 2000    3.432    491
9  ON25 2006    3.250   1195
10 ON60 2007   -3.250   1289
11 ON33 2001   -2.750    609
12 ON41 1998    2.750    259
13 ON55 2011   -2.750   1744
14 ON41 2000   -2.679    485
15 ON55 2003   -2.250    824
16 ON55 1999    1.950    383
17 ON63 1999    1.950    387
18 ON41 2007    1.850   1285
19 ON49 1999   -1.850    380
20 ON60 2005   -1.850   1057
[1] "print difference with expert "
   site year LEP_diff fileId
1  SU06 2003    -6.75    844
2  SU05 1999    -5.75    395
3  SU09 2004     5.25    966
4  SU08 1998     4.75    293
5  SU11 2004    -4.75    968
6  SU19 2007    -4.65   1318
7  SU01 2003    -4.25    839
8  SU08 2003    -4.25    847
9  SU10 1999    -4.25    401
10 SU15 1999    -4.25    407
11 SU01 2004     3.75    955
12 SU02 1998     3.75    273
13 SU02 2004    -3.75    957
14 SU01 2009    -3.65   1528
15 SU06 1998     3.35    279
16 SU08 2005    -3.25   1072
17 SU10 1998     2.95    282
18 SU01 2006    -2.75   1164
19 SU02 1999     2.75    392
20 SU05 2003    -2.75    843
$ER
   Min. 1st Qu.  Median    Mean 3rd Qu.    Max.    NA's 
-12.250  -0.750   0.150  -0.686   0.650   2.750     215 

$HU
   Min. 1st Qu.  Median    Mean 3rd Qu.    Max.    NA's 
-9.7500 -0.7500  0.6500  0.1334  1.7500  5.5500     188 

$MI
   Min. 1st Qu.  Median    Mean 3rd Qu.    Max.    NA's 
-6.7500 -0.7000  0.2500  0.1298  1.2500  5.4500     258 

$ON
   Min. 1st Qu.  Median    Mean 3rd Qu.    Max.    NA's 
-9.2500 -1.8000 -0.2500 -0.4668  0.9000  3.7160     157 

$SU
   Min. 1st Qu.  Median    Mean 3rd Qu.    Max.    NA's 
-6.7500 -0.5250  0.3220  0.1248  1.4390  5.2500     270 

     site year fileId expert_LEP LEP_diff LEP_segment
7    ER09 2004    865     17.000       NA          NA
33   ER15 1998    190     20.000       NA          NA
44   ER15 2009   1444     12.400       NA          NA
65   ER31 1998    192     15.000       NA          NA
89   ER32 2006   1097     15.000       NA          NA
113  ER37 1998    195      7.000       NA          NA
131  ER38 2000    423     11.662       NA          NA
167  ER43 2004    875     16.000       NA          NA
178  ER58 1999    307      3.300       NA          NA
195  ER59 2000    427      3.276       NA          NA
211  ER60 2000    428      3.209       NA          NA
226  ER61 1999    310      2.700       NA          NA
306  ER92 1999    317      3.500       NA          NA
309  ER92 2002    662      4.000       NA          NA
433  HU32 1998    222     10.200       NA          NA
439  HU32 2004    893     13.000       NA          NA
454  HU37 2003    778      5.000       NA          NA
455  HU37 2004    895     13.000       NA          NA
466  HU38 1999    330     15.000       NA          NA
471  HU38 2004    896     11.000       NA          NA
483  HU45 2000    446     11.096       NA          NA
486  HU45 2003    781      4.000       NA          NA
502  HU48 2003    782      6.000       NA          NA
503  HU48 2004    899     10.000       NA          NA
504  HU48 2005   1016      6.500       NA          NA
514  HU53 1999    334     14.000       NA          NA
535  HU54 2004    901     10.000       NA          NA
536  HU54 2005   1018      9.200       NA          NA
537  HU54 2006   1131      8.300       NA          NA
550  HU61 2003    786      7.000       NA          NA
657  MI17 1998    240     13.500       NA          NA
678  MI18 2003    795     12.000       NA          NA
686  MI18 2011   1715      9.300       NA          NA
732  MI27 2009   1493      8.900       NA          NA
777  MI32 2006   1149      7.100       NA          NA
819  MI41 2000    470     20.096       NA          NA
823  MI41 2004    923     13.000       NA          NA
827  MI41 2008   1380      9.100       NA          NA
870  MI47 2003    809      7.000       NA          NA
977  ON12 1998    255     10.000       NA          NA
978  ON12 1999    370      6.000       NA          NA
985  ON12 2006   1193      7.000       NA          NA
993  ON25 1998    256     10.000       NA          NA
994  ON25 1999    371      4.800       NA          NA
998  ON25 2003    818      3.000       NA          NA
1014 ON33 2003    820      4.000       NA          NA
1060 ON55 2001    614     10.000       NA          NA
1064 ON55 2005   1055     13.100       NA          NA
1066 ON55 2007   1287     10.700       NA          NA
1075 ON60 2000    490      8.309       NA          NA
1079 ON60 2004    946     12.000       NA          NA
1081 ON60 2006   1203     15.000       NA          NA
1095 ON63 2004    947     11.000       NA          NA
1098 ON63 2007   1290     13.900       NA          NA
1185 SU01 1998    271     10.000       NA          NA
1198 SU01 2011   1753      9.100       NA          NA
1208 SU02 2005   1066     12.200       NA          NA
1218 SU03 1999    393     10.000       NA          NA
1223 SU03 2004    958     12.000       NA          NA
1233 SU04 1998    277     12.000       NA          NA
1242 SU04 2007   1301     16.700       NA          NA
1246 SU04 2011   1757      8.000       NA          NA
1255 SU05 2004    961     25.000       NA          NA
1271 SU06 2004    962      6.000       NA          NA
1283 SU07 2000    503     13.084       NA          NA
1286 SU07 2003    845      7.000       NA          NA
1287 SU07 2004    963      6.000       NA          NA
1303 SU08 2004    964      8.000       NA          NA
1305 SU08 2006   1172     11.900       NA          NA
1310 SU08 2011   1762      9.000       NA          NA
1314 SU09 1999    400     14.000       NA          NA
1335 SU10 2004    967     25.000       NA          NA
1337 SU10 2006   1175     10.000       NA          NA
1346 SU11 1999    402      5.000       NA          NA
1361 SU12 1998    284     10.200       NA          NA
1362 SU12 1999    404     10.000       NA          NA
1367 SU12 2004    969     25.000       NA          NA
1369 SU12 2006   1177      9.400       NA          NA
1378 SU13 1999    405      8.000       NA          NA
1383 SU13 2004    970      5.000       NA          NA
1386 SU13 2007   1311      8.900       NA          NA
1393 SU14 1998    286     12.000       NA          NA
1394 SU14 1999    406     13.000       NA          NA
1399 SU14 2004    971     14.000       NA          NA
1400 SU14 2005   1077     13.000       NA          NA
1401 SU14 2006   1179     13.300       NA          NA
1416 SU15 2005   1078     11.000       NA          NA
1417 SU15 2006   1180      6.700       NA          NA
1422 SU15 2011   1769     12.100       NA          NA
1426 SU16 1999    408     10.000       NA          NA
1427 SU16 2000    513      7.971       NA          NA
1432 SU16 2005   1079     18.000       NA          NA
1434 SU16 2007   1314     14.000       NA          NA
1442 SU17 1999    409     12.000       NA          NA
1448 SU17 2005   1081     15.000       NA          NA
1450 SU17 2007   1315      8.800       NA          NA
1451 SU17 2008   1433     10.000       NA          NA
1458 SU18 1999    410      5.000       NA          NA
1479 SU19 2004    977      4.000       NA          NA
1480 SU19 2005   1085      8.800       NA          NA
1481 SU19 2006   1185      7.000       NA          NA
[1] "LEP"
# A tibble: 5 × 5
   lake totalN only_pred only_expert allExist
  <chr>  <int>     <int>       <int>    <int>
1    ER    352        99          14      137
2    HU    288       120          16      100
3    MI    336       187           9       78
4    ON    208        87          15       51
5    SU    368       137          47       98
$stats
      [,1]  [,2]  [,3]   [,4]   [,5]
[1,] -2.75 -4.25 -3.25 -4.950 -3.250
[2,] -0.75 -0.75 -0.75 -1.800 -0.550
[3,]  0.15  0.65  0.25 -0.250  0.322
[4,]  0.65  1.75  1.25  0.900  1.450
[5,]  2.75  3.85  3.75  3.716  3.750

$n
[1] 137 100  78  51  98

$conf
            [,1]  [,2]       [,3]       [,4]        [,5]
[1,] -0.03898391 0.255 -0.1077995 -0.8473595 0.002791796
[2,]  0.33898391 1.045  0.6077995  0.3473595 0.641208204

$out
 [1]  -4.75  -4.75 -12.25  -4.25  -3.25  -7.55  -5.35  -5.75  -3.85  -6.25  -9.05
[12]  -4.75  -7.05  -7.85  -5.45  -4.75  -4.25  -4.75  -9.75  -6.25  -8.75   5.55
[23]  -5.75   5.45  -5.75  -4.75  -6.75  -4.65  -4.75  -9.25  -4.25  -3.65  -3.75
[34]  -5.75  -6.75   4.75  -4.25   5.25  -4.25  -4.75  -4.25  -4.65

$group
 [1] 1 1 1 1 1 1 1 1 1 1 1 1 1 1 1 1 1 2 2 2 2 2 2 3 3 3 3 3 3 4 5 5 5 5 5 5 5 5 5 5 5
[42] 5

$names
[1] "ER" "HU" "MI" "ON" "SU"

[1] "****************"
 TRM_diff_HMM_seg    LEP_diff_HMM_seg  UHY_diff_HMM_seg 
 Min.   :-19.75000   Min.   :-32.750   Min.   :-98.250  
 1st Qu.: -0.25000   1st Qu.: -4.500   1st Qu.:-10.750  
 Median :  0.00000   Median : -0.250   Median :  0.000  
 Mean   :  0.07289   Mean   : -2.924   Mean   : -3.136  
 3rd Qu.:  0.25000   3rd Qu.:  0.250   3rd Qu.:  3.125  
 Max.   : 39.00000   Max.   : 14.250   Max.   : 53.500  
 NA's   :180         NA's   :463       NA's   :293      
   fileId site year TRM_diff_HMM_seg
1     519 SU23 2000            39.00
2    1439 SU23 2008           -19.75
3    1494 MI30 2009           -18.75
4    2012 SU21 2013           -18.50
5     778 HU37 2003           -17.75
6     907 HU96 2004            17.50
7     731 SU06 2002            13.25
8     869 ER31 2004            12.75
9     614 ON55 2001           -12.75
10    466 MI30 2000           -12.25
11   1250 HU95 2007            11.75
12    569 HU27 2001            10.50
13   1653 SU13 2010           -10.00
14    503 SU07 2000            -9.25
15    919 MI31 2004             9.00
16    611 ON41 2001             8.50
    fileId site year LEP_diff_HMM_seg
1      287 SU15 1998           -32.75
2      363 MI47 1999           -27.75
3      692 MI32 2002           -26.75
4     1722 MI32 2011           -24.50
5     1611 MI41 2010           -22.75
6      633 SU12 2001           -22.75
7     1141 MI18 2006           -22.50
8      972 SU15 2004           -22.50
9     1888 SU15 2012           -22.50
10     566 HU12 2001           -22.00
11    1507 MI51 2009           -21.25
12    1268 MI41 2007           -21.00
13     512 SU15 2000           -20.75
14     787 HU93 2003           -20.50
15    1171 SU07 2006           -20.25
16     611 ON41 2001           -20.00
17     401 SU10 1999           -20.00
18    1313 SU15 2007           -20.00
19     698 MI47 2002           -19.75
20    1971 ON12 2013           -19.75
21    1241 HU38 2007           -19.50
22     372 ON33 1999           -19.25
23    1990 SU03 2013           -19.25
24    1650 SU10 2010           -19.25
25    1655 SU15 2010           -19.25
26    1266 MI34 2007           -18.50
27    1935 HU53 2013           -18.25
28    1167 SU03 2006           -18.25
29    1654 SU14 2010           -18.25
30     897 HU45 2004           -18.00
31    1150 MI34 2006           -18.00
32    1272 MI47 2007           -18.00
33    1300 SU03 2007           -18.00
34     594 MI34 2001           -17.75
35     806 MI41 2003           -17.75
36     939 ON25 2004           -17.75
37     609 ON33 2001           -17.75
38    1302 SU05 2007           -17.75
39    1133 HU61 2006           -17.50
40    2011 SU20 2013           -17.25
41    1973 ON33 2013           -17.00
42     942 ON41 2004           -17.00
43    1632 ON60 2010           -17.00
44     889 HU12 2004           -16.50
45    1698 HU38 2011           -16.50
46     968 SU11 2004           -16.25
47     776 HU27 2003           -16.00
48     944 ON55 2004           -16.00
49    1539 SU10 2009           -16.00
50     826 ON63 2003           -15.75
51    1967 MI51 2013           -15.50
52    1356 HU45 2008           -15.25
53     813 MI51 2003           -15.25
54    1512 ON25 2009           -15.25
55     485 ON41 2000           -15.25
56    1989 SU02 2013           -15.25
57    1174 SU09 2006           -15.25
58     572 HU38 2001           -15.00
59    1267 MI40 2007           -15.00
60     693 MI34 2002           -14.75
61     396 SU06 1999           -14.75
62     407 SU15 1999           -14.75
63    1186 SU20 2006           -14.75
64     890 HU15 2004           -14.50
65    1938 HU61 2013           -14.50
66    1955 MI32 2013           -14.50
67    1307 SU09 2007           -14.50
68     616 ON60 2001           -14.25
69    1866 ON65 2012            14.25
70     843 SU05 2003           -14.25
71    1425 SU10 2008           -14.25
72    1318 SU19 2007           -14.25
73    1496 MI32 2009           -14.00
74     824 ON55 2003           -14.00
75     624 SU03 2001           -13.75
76    1644 SU05 2010           -13.75
77    1760 SU07 2011           -13.75
78    1457 ER63 2009           -13.50
79    1755 SU02 2011           -13.50
80    1874 SU03 2012           -13.50
81     502 SU06 2000           -13.50
82    1246 HU54 2007           -13.25
83    1029 MI19 2005           -13.25
84    1608 MI32 2010           -13.25
85    1511 ON12 2009           -13.25
86    1431 SU16 2008           -13.25
87     904 HU93 2004           -13.00
88     704 MI40 2002           -13.00
89    1958 MI41 2013           -13.00
90     257 ON33 1998           -13.00
91     822 ON49 2003           -13.00
92     640 SU19 2001           -13.00
93     641 SU21 2001           -13.00
94     232 HU61 1998           -12.75
95    1609 MI34 2010           -12.75
96    1741 ON41 2011           -12.75
97    1530 SU03 2009           -12.75
98    1281 ON25 2007           -12.50
99    1877 SU06 2012           -12.50
100    607 ON12 2001           -12.25
    fileId site year UHY_diff_HMM_seg
1     1655 SU15 2010           -98.25
2      806 MI41 2003           -66.50
3     1380 MI41 2008           -63.75
4      744 SU19 2002           -62.25
5      633 SU12 2001           -54.25
6      224 HU38 1998            53.50
7     1430 SU15 2008           -53.50
8     1433 SU17 2008           -53.25
9      692 MI32 2002           -51.75
10    1378 MI34 2008           -49.75
11    1611 MI41 2010           -48.00
12    1313 SU15 2007           -48.00
13    1379 MI40 2008           -46.50
14    1769 SU15 2011           -45.25
15    1540 SU11 2009           -44.50
16     363 MI47 1999           -44.25
17    1174 SU09 2006           -44.25
18    1888 SU15 2012           -43.25
19     400 SU09 1999           -42.25
20    1972 ON25 2013           -41.75
21     372 ON33 1999           -41.50
22     594 MI34 2001           -40.75
23    1315 SU17 2007           -40.75
24    1072 SU08 2005           -40.00
25    1180 SU15 2006           -40.00
26    1760 SU07 2011           -39.50
27    1204 ON63 2006            38.50
28    1549 SU19 2009           -38.00
29    1958 MI41 2013           -36.50
30     630 SU09 2001           -36.50
31    1319 SU20 2007            36.00
32     939 ON25 2004           -35.75
33    1305 SU08 2007           -35.75
34    1152 MI41 2006           -35.50
35    1726 MI41 2011           -35.50
36    1401 ON63 2008            35.50
37     404 SU12 1999           -34.75
38    1973 ON33 2013           -34.00
39    2003 SU14 2013           -33.75
40     257 ON33 1998           -33.50
41    1512 ON25 2009           -33.25
42     227 HU48 1998            33.00
43     241 MI18 1998            33.00
44    1358 HU53 2008            32.50
45     640 SU19 2001           -32.25
46    1528 SU01 2009            31.50
47     222 HU32 1998            31.25
48     818 ON25 2003           -31.25
49    2000 SU11 2013           -31.25
50     229 HU53 1998            31.00
51     623 SU02 2001           -30.75
52    1498 MI40 2009           -30.50
53     675 HU53 2002            29.75
54     622 SU01 2001            29.75
55     845 SU07 2003           -29.50
56     972 SU15 2004           -29.50
57    1283 ON33 2007           -28.75
58    1400 ON60 2008           -28.75
59     402 SU11 1999           -28.75
60     233 HU93 1998            28.50
61    1392 ON12 2008           -28.50
62     728 SU03 2002           -28.50
63    1722 MI32 2011           -28.25
64    1971 ON12 2013           -28.25
65    1879 SU08 2012           -28.00
66     474 MI47 2000           -27.50
67    1717 MI23 2011            27.00
68    1998 SU09 2013           -27.00
69    1698 HU38 2011           -26.75
70     512 SU15 2000           -26.75
71     516 SU19 2000           -26.75
72     632 SU11 2001           -26.25
73     736 SU11 2002           -26.25
74     976 SU18 2004           -26.25
75    1734 MI52 2011            26.00
76     933 MI53 2004            26.00
77    1290 ON63 2007            26.00
78    1654 SU14 2010           -26.00
79     857 SU17 2003           -26.00
80     218 HU15 1998            25.75
81    1029 MI19 2005           -25.75
82    1393 ON25 2008           -25.75
83     393 SU03 1999           -25.75
84    1496 MI32 2009           -25.50
85     359 MI41 1999           -25.50
86     698 MI47 2002           -25.50
87     932 MI52 2004            25.50
88    1075 SU12 2005           -25.50
89    1711 MI11 2011            25.25
90     896 HU38 2004           -25.00
91    1511 ON12 2009           -25.00
92     842 SU04 2003           -25.00
93    1304 SU07 2007           -25.00
94    1878 SU07 2012           -25.00
95    2010 SU19 2013           -25.00
96    1707 HU95 2011            24.75
97     944 ON55 2004           -24.75
98    1149 MI32 2006           -24.50
99     626 SU05 2001           -24.50
100   1581 HU12 2010            24.25
[1] "****************"
[1] "Doing DCL algorithm"
[1] "****************"
[1] "*******"
[1] "ER"
[1] "*******"
[1] "good fit ratio 0.241477272727273"
 DCL_upperSize    DCL_bottomSize   DCL_sizeRatio         DCL_size     
 Min.   : 0.000   Min.   : 0.500   Min.   :-1.93676   Min.   : 0.750  
 1st Qu.: 1.500   1st Qu.: 2.250   1st Qu.:-0.62776   1st Qu.: 4.000  
 Median : 2.250   Median : 3.500   Median :-0.03332   Median : 6.750  
 Mean   : 3.035   Mean   : 4.935   Mean   : 0.07871   Mean   : 7.971  
 3rd Qu.: 3.750   3rd Qu.: 6.500   3rd Qu.: 0.74246   3rd Qu.: 9.750  
 Max.   :14.750   Max.   :18.250   Max.   : 1.99297   Max.   :25.750  
[1] "peak size"
   year site DCL_size DCL_upperSize DCL_bottomSize DCL_depth DCL_upperDepth_fit
1  2012 ER09    25.75         14.75          11.00     18.00               3.25
2  2011 ER93    25.00         10.25          14.75     13.50               3.25
3  2001 ER93    23.25          5.00          18.25     13.75               8.75
4  2001 ER63    21.50         11.75           9.75     24.00              12.25
5  2001 ER09    17.25          8.25           9.00     20.75              12.50
6  2005 ER09    17.00          2.00          15.00     18.75              16.75
7  2001 ER15    16.75          6.00          10.75     20.50              14.50
8  2000 ER63    16.25          0.25          16.00     12.50              12.25
9  1999 ER10    15.50          5.50          10.00     19.75              14.25
10 2000 ER15    14.00          2.00          12.00     14.25              12.25
   DCL_bottomDepth_fit fileId
1                29.00   1780
2                28.25   1687
3                32.00    562
4                33.75    557
5                29.75    542
6                33.75    982
7                31.25    544
8                28.50    430
9                29.75    296
10               26.25    417
[1] "*******"
[1] "HU"
[1] "*******"
[1] "good fit ratio 0.475694444444444"
 DCL_upperSize   DCL_bottomSize  DCL_sizeRatio          DCL_size    
 Min.   : 2.25   Min.   : 1.00   Min.   :-1.346562   Min.   : 3.25  
 1st Qu.: 9.50   1st Qu.: 9.50   1st Qu.:-0.409966   1st Qu.:21.75  
 Median :13.50   Median :14.00   Median :-0.013798   Median :30.00  
 Mean   :15.00   Mean   :16.28   Mean   : 0.007503   Mean   :31.28  
 3rd Qu.:19.50   3rd Qu.:20.50   3rd Qu.: 0.537694   3rd Qu.:38.50  
 Max.   :36.75   Max.   :76.50   Max.   : 1.651349   Max.   :90.75  
[1] "peak size"
   year site DCL_size DCL_upperSize DCL_bottomSize DCL_depth DCL_upperDepth_fit
1  2013 HU54    90.75         14.25          76.50     22.00               7.75
2  2009 HU45    62.50         16.75          45.75     38.00              21.25
3  1999 HU48    61.50         24.50          37.00     41.00              16.50
4  2011 HU54    60.00         23.75          36.25     32.00               8.25
5  2013 HU61    59.25         11.50          47.75     18.25               6.75
6  2006 HU53    58.25         36.75          21.50     44.50               7.75
7  1998 HU61    56.00         10.75          45.25     24.50              13.75
8  2001 HU54    55.75         35.75          20.00     47.75              12.00
9  2007 HU54    52.75         28.00          24.75     39.75              11.75
10 2003 HU37    52.50         32.00          20.50     35.25               3.25
   DCL_bottomDepth_fit fileId
1                98.50   1936
2                83.75   1475
3                78.00    333
4                68.25   1704
5                66.00   1938
6                66.00   1130
7                69.75    232
8                67.75    576
9                64.50   1246
10               55.75    778
[1] "*******"
[1] "MI"
[1] "*******"
[1] "good fit ratio 0.571428571428571"
 DCL_upperSize   DCL_bottomSize  DCL_sizeRatio        DCL_size    
 Min.   : 1.25   Min.   : 2.50   Min.   :-1.7591   Min.   : 4.75  
 1st Qu.: 6.75   1st Qu.:11.00   1st Qu.:-0.7930   1st Qu.:22.00  
 Median :10.50   Median :14.88   Median :-0.1926   Median :27.38  
 Mean   :12.43   Mean   :17.70   Mean   :-0.1989   Mean   :30.12  
 3rd Qu.:16.56   3rd Qu.:22.00   3rd Qu.: 0.3243   3rd Qu.:36.31  
 Max.   :42.00   Max.   :57.50   Max.   : 1.9351   Max.   :76.75  
[1] "peak size"
   year site DCL_size DCL_upperSize DCL_bottomSize DCL_depth DCL_upperDepth_fit
1  2013 MI34    76.75         35.00          41.75     48.25              13.25
2  2001 MI40    69.50         37.50          32.00     55.00              17.50
3  2011 MI51    68.50         14.25          54.25     26.00              11.75
4  2002 MI41    67.00         13.25          53.75     22.50               9.25
5  2013 MI32    65.50         10.50          55.00     27.75              17.25
6  2011 MI11    61.25         29.25          32.00     37.50               8.25
7  2013 MI27    59.25         42.00          17.25     53.50              11.50
8  1999 MI40    58.75          4.25          54.50     19.00              14.75
9  2013 MI40    58.75         10.25          48.50     32.75              22.50
10 1999 MI41    58.75          1.25          57.50     21.00              19.75
   DCL_bottomDepth_fit fileId
1                90.00   1956
2                87.00    595
3                80.25   1733
4                76.25    705
5                82.75   1955
6                69.50   1711
7                70.75   1950
8                73.50    356
9                81.25   1957
10               78.50    359
[1] "*******"
[1] "ON"
[1] "*******"
[1] "good fit ratio 0.552884615384615"
 DCL_upperSize    DCL_bottomSize  DCL_sizeRatio        DCL_size    
 Min.   : 1.000   Min.   : 2.75   Min.   :-1.7975   Min.   : 5.75  
 1st Qu.: 3.500   1st Qu.: 8.00   1st Qu.:-1.0315   1st Qu.:13.62  
 Median : 5.500   Median :12.50   Median :-0.5708   Median :18.50  
 Mean   : 6.274   Mean   :13.22   Mean   :-0.5240   Mean   :19.49  
 3rd Qu.: 7.500   3rd Qu.:16.38   3rd Qu.:-0.1547   3rd Qu.:23.12  
 Max.   :16.250   Max.   :42.50   Max.   : 1.8123   Max.   :50.00  
[1] "peak size"
   year site DCL_size DCL_upperSize DCL_bottomSize DCL_depth DCL_upperDepth_fit
1  2001 ON60    50.00         14.50          35.50     21.25               6.75
2  2011 ON60    47.00         12.75          34.25     27.25              14.50
3  2003 ON67    44.50          2.00          42.50      5.25               3.25
4  1998 ON41    39.25          8.25          31.00     16.25               8.00
5  2006 ON67    35.50          5.25          30.25      9.25               4.00
6  2006 ON12    35.25         16.25          19.00     19.50               3.25
7  2005 ON55    34.00          1.75          32.25     14.25              12.50
8  2003 ON63    33.50          5.50          28.00     20.50              15.00
9  2000 ON33    32.50          8.50          24.00     19.75              11.25
10 2000 ON12    31.50         16.00          15.50     25.75               9.75
   DCL_bottomDepth_fit fileId
1                56.75    616
2                61.50   1745
3                47.75    829
4                47.25    259
5                39.50   1207
6                38.50   1193
7                46.50   1055
8                48.50    826
9                43.75    483
10               41.25    481
[1] "*******"
[1] "SU"
[1] "*******"
[1] "good fit ratio 0.83695652173913"
 DCL_upperSize   DCL_bottomSize  DCL_sizeRatio        DCL_size    
 Min.   : 1.75   Min.   : 5.50   Min.   :-1.9041   Min.   :17.25  
 1st Qu.:11.75   1st Qu.:17.25   1st Qu.:-0.7168   1st Qu.:34.50  
 Median :16.38   Median :22.75   Median :-0.2277   Median :40.62  
 Mean   :17.06   Mean   :24.83   Mean   :-0.2278   Mean   :41.88  
 3rd Qu.:21.81   3rd Qu.:30.06   3rd Qu.: 0.2167   3rd Qu.:49.06  
 Max.   :49.00   Max.   :70.25   Max.   : 1.9961   Max.   :75.00  
[1] "peak size"
   year site DCL_size DCL_upperSize DCL_bottomSize DCL_depth DCL_upperDepth_fit
1  2008 SU09    75.00         18.75          56.25     28.50               9.75
2  2010 SU05    72.00         12.50          59.50     24.25              11.75
3  2013 SU13    72.00          1.75          70.25      8.75               7.00
4  2008 SU08    71.75          9.50          62.25     33.50              24.00
5  1998 SU15    68.50         28.50          40.00     37.75               9.25
6  2001 SU07    67.00         45.50          21.50     52.25               6.75
7  2004 SU03    65.75         21.75          44.00     25.00               3.25
8  2001 SU01    65.25         37.00          28.25     45.25               8.25
9  2002 SU14    65.00         32.25          32.75     35.50               3.25
10 2001 SU05    64.25         22.50          41.75     29.75               7.25
   DCL_bottomDepth_fit fileId
1                84.75   1424
2                83.75   1644
3                79.00   2002
4                95.75   1423
5                77.75    287
6                73.75    628
7                69.00    958
8                73.50    622
9                68.25    739
10               71.50    626
[1] "all data"
 DCL_upperSize   DCL_bottomSize  DCL_sizeRatio        DCL_size    
 Min.   : 0.00   Min.   : 0.50   Min.   :-1.9368   Min.   : 0.75  
 1st Qu.: 6.00   1st Qu.:10.25   1st Qu.:-0.7572   1st Qu.:19.25  
 Median :11.75   Median :16.25   Median :-0.2275   Median :30.50  
 Mean   :12.75   Mean   :18.18   Mean   :-0.1922   Mean   :30.93  
 3rd Qu.:18.50   3rd Qu.:23.75   3rd Qu.: 0.2991   3rd Qu.:41.50  
 Max.   :49.00   Max.   :76.50   Max.   : 1.9961   Max.   :90.75  
[1] "peak size"
   year site DCL_size DCL_upperSize DCL_bottomSize DCL_depth DCL_upperDepth_fit
1  2013 HU54    90.75         14.25          76.50     22.00               7.75
2  2013 MI34    76.75         35.00          41.75     48.25              13.25
3  2008 SU09    75.00         18.75          56.25     28.50               9.75
4  2010 SU05    72.00         12.50          59.50     24.25              11.75
5  2013 SU13    72.00          1.75          70.25      8.75               7.00
6  2008 SU08    71.75          9.50          62.25     33.50              24.00
7  2001 MI40    69.50         37.50          32.00     55.00              17.50
8  2011 MI51    68.50         14.25          54.25     26.00              11.75
9  1998 SU15    68.50         28.50          40.00     37.75               9.25
10 2002 MI41    67.00         13.25          53.75     22.50               9.25
   DCL_bottomDepth_fit fileId
1                98.50   1936
2                90.00   1956
3                84.75   1424
4                83.75   1644
5                79.00   2002
6                95.75   1423
7                87.00    595
8                80.25   1733
9                77.75    287
10               76.25    705
$stats
      [,1]  [,2]   [,3]   [,4]   [,5]
[1,]  0.75  3.25  4.750  5.750 17.250
[2,]  4.00 21.75 22.000 13.625 34.500
[3,]  6.75 30.00 27.375 18.500 40.625
[4,]  9.75 38.50 36.375 23.125 49.125
[5,] 17.25 62.50 57.750 35.500 68.500

$n
[1]  85 137 192 115 308

$conf
         [,1]     [,2]     [,3]     [,4]     [,5]
[1,] 5.764593 27.73894 25.73587 17.10031 39.30833
[2,] 7.735407 32.26106 29.01413 19.89969 41.94167

$out
 [1] 25.75 21.50 23.25 25.00 90.75 61.25 59.25 65.50 76.75 58.75 69.50 58.75 58.75
[14] 67.00 68.50 39.25 50.00 47.00 44.50 72.00 71.75 75.00 72.00

$group
 [1] 1 1 1 1 2 3 3 3 3 3 3 3 3 3 3 4 4 4 4 5 5 5 5

$names
[1] "ER" "HU" "MI" "ON" "SU"

[1] "sizeRatio descrease"
   year site DCL_sizeRatio DCL_upperSize DCL_bottomSize DCL_depth DCL_upperDepth_fit
1  2011 SU19      1.996083         18.50          10.25     21.75               3.25
2  2008 ER78      1.992968          1.00           2.00     16.25              15.25
3  2005 ER42      1.991505          0.00           4.00     13.75              13.75
4  1999 ER31      1.983088          1.00           4.25     15.75              14.75
5  2009 ER95      1.982343         10.00           2.75     13.25               3.25
6  2011 ER10      1.976882          2.00           4.75     15.75              13.75
7  2010 ER31      1.966397          0.00           4.25     16.75              16.75
8  2012 MI42      1.935107         21.50          17.00     24.75               3.25
9  2002 SU21      1.876580         34.75           6.75     54.50              19.75
10 2010 ER30      1.840471          3.50           2.00     13.25               9.75
11 2006 ON60      1.812288          7.75          19.50     11.00               3.25
12 2010 ER37      1.766272          0.75           2.25     18.50              17.75
13 2006 ON12      1.762593         16.25          19.00     19.50               3.25
14 2000 HU09      1.651349         27.25           2.75     43.00              15.75
15 2003 MI49      1.591989          1.75           8.50     10.50               8.75
16 1998 SU15      1.571353         28.50          40.00     37.75               9.25
17 2001 MI52      1.482823         12.75           7.00     29.50              16.75
18 2008 SU17      1.459844         33.25           6.00     36.50               3.25
19 2003 HU27      1.449943         15.75           2.50     34.75              19.00
20 2011 HU96      1.448146         32.00           6.00     35.25               3.25
   DCL_bottomDepth_fit fileId
1                32.00   1774
2                18.25   1340
3                17.75    992
4                20.00    300
5                16.00   1463
6                20.50   1667
7                21.00   1560
8                41.75   1844
9                61.25    746
10               15.25   1559
11               30.50   1203
12               20.75   1563
13               38.50   1193
14               45.75    437
15               19.00    811
16               77.75    287
17               36.50    605
18               42.50   1433
19               37.25    776
20               41.25   1708
[1] "sizeRatio increase"
   year site DCL_sizeRatio DCL_upperSize DCL_bottomSize DCL_depth DCL_upperDepth_fit
1  1998 ER31     -1.936755          6.00           4.75     15.25               9.25
2  2013 SU13     -1.904123          1.75          70.25      8.75               7.00
3  2013 ER36     -1.863053          0.00           4.75     16.75              16.75
4  2008 SU11     -1.835088          1.75          47.25     12.50              10.75
5  2005 ON55     -1.797455          1.75          32.25     14.25              12.50
6  2004 SU15     -1.781461          3.25          56.25      9.00               5.75
7  2003 ON67     -1.774181          2.00          42.50      5.25               3.25
8  1999 MI51     -1.759064          3.00          46.00     11.00               8.00
9  2010 ON69     -1.745044          7.00           3.25     10.25               3.25
10 2007 ER59     -1.732602          0.25           0.50      6.50               6.25
11 2001 SU13     -1.718816          3.25          42.25     13.50              10.25
12 2002 SU20     -1.710748          4.00          50.00     11.75               7.75
13 2008 SU22     -1.689882          2.00          21.00     15.00              13.00
14 1999 MI47     -1.637612          5.25          51.00     16.25              11.00
15 2004 ON41     -1.609257          2.75          23.50     20.50              17.75
16 2009 ON68     -1.595235          2.25          18.75      9.75               7.50
17 2000 SU13     -1.566709          3.75          29.00     15.50              11.75
18 1999 SU12     -1.549634          5.50          43.25     18.75              13.25
19 2008 SU08     -1.475883          9.50          62.25     33.50              24.00
20 1999 SU15     -1.450621          5.00          31.00     19.50              14.50
   DCL_bottomDepth_fit fileId
1                20.00    192
2                79.00   2002
3                21.50   1906
4                59.75   1426
5                46.50   1055
6                65.25    972
7                47.75    829
8                57.00    367
9                13.50   1638
10                7.00   1222
11               55.75    634
12               61.75    745
13               36.00   1438
14               67.25    363
15               44.00    942
16               28.50   1524
17               44.50    510
18               62.00    404
19               95.75   1423
20               50.50    407
[1] "sizeRatio middle"
     year site DCL_sizeRatio DCL_upperSize DCL_bottomSize DCL_depth DCL_upperDepth_fit
57   2006 ER30  -0.033738845          0.50           7.00     11.25              10.75
140  2009 ER38  -0.038071904          2.75           2.75     11.25               8.50
174  2011 ER43  -0.033321697          2.00           2.00     15.50              13.50
334  2011 ER93  -0.006737517         10.25          14.75     13.50               3.25
387  2000 HU12   0.003450122         10.75          10.75     41.00              30.25
388  2001 HU12   0.008956630          9.50           9.50     44.50              35.00
437  2002 HU32  -0.048556135         10.75          11.25     49.00              38.25
481  1998 HU45  -0.013798278         12.00          12.25     34.00              22.00
489  2006 HU45  -0.021798997         13.50          13.75     37.75              24.25
672  2013 MI17  -0.035071221         11.75          12.25     43.50              31.75
681  2006 MI18  -0.008242911         20.00          20.00     30.75              10.75
729  2006 MI27  -0.011948163         16.25          16.50     30.50              14.25
731  2008 MI27  -0.031328032         13.00          13.25     35.00              22.00
741  2002 MI30  -0.013223696         11.50          11.75     19.25               7.75
743  2004 MI30   0.012816091          8.00          11.25     16.75               8.75
751  2012 MI30  -0.023603532          1.75           3.00     15.00              13.25
839  2004 MI42  -0.002446212          6.25          12.75      9.50               3.25
1038 2011 ON41  -0.017931715          7.50           7.50     16.50               9.00
1039 2012 ON41   0.014856421          7.75           7.75     23.00              15.25
1198 2011 SU01  -0.025610887         17.75          18.25     23.50               5.75
     DCL_bottomDepth_fit fileId
57                 18.25   1095
140                14.00   1450
174                17.50   1677
334                28.25   1687
387                51.75    438
388                54.00    566
437                60.25    670
481                46.25    225
489                51.50   1127
672                55.75   1945
681                50.75   1141
729                47.00   1145
731                48.25   1373
741                31.00    691
743                28.00    918
751                18.00   1837
839                22.25    925
1038               24.00   1741
1039               30.75   1859
1198               41.75   1753
[1] "****************"
[1] "Doing TRM analysis"
[1] "*******"
[1] "ER"
[1] "*******"
 TRM_num_segment  TRM2UHY_segNum 
 Min.   : 2.000   Min.   :0.000  
 1st Qu.: 3.000   1st Qu.:1.000  
 Median : 5.000   Median :2.000  
 Mean   : 5.081   Mean   :1.847  
 3rd Qu.: 6.000   3rd Qu.:2.000  
 Max.   :10.000   Max.   :6.000  
 NA's   :5        NA's   :5      
  site year doubleTRM fileId
1 ER09 2009         1   1441
2 ER36 2005         1    989
3 ER42 2001         1    551
4 ER43 2004         1    875
5 ER63 2007         1   1225
6 ER63 2009         1   1457
7 ER78 2009         1   1459
   site year positiveGradient fileId
1  ER58 2008                2   1334
2  ER09 2012                1   1780
3  ER10 2012                1   1781
4  ER30 2013                1   1903
5  ER31 2003                1    753
6  ER32 2006                1   1097
7  ER37 2003                1    756
8  ER42 2002                1    652
9  ER42 2004                1    874
10 ER43 2004                1    875
11 ER43 2010                1   1566
12 ER58 2011                1   1678
13 ER58 2012                1   1792
14 ER59 2002                1    655
15 ER59 2006                1   1105
16 ER60 2002                1    656
17 ER60 2009                1   1455
18 ER60 2010                1   1569
19 ER60 2013                1   1913
20 ER61 2001                1    556
21 ER61 2007                1   1224
22 ER61 2012                1   1795
23 ER73 2008                1   1339
24 ER91 2012                1   1800
25 ER91 2013                1   1918
26 ER92 2009                1   1461
27 ER93 1998                1    209
28 ER93 2009                1   1462
29 ER93 2012                1   1803
30 ER95 2008                1   1344
31 ER95 2011                1   1688
[1] "*******"
[1] "HU"
[1] "*******"
 TRM_num_segment  TRM2UHY_segNum 
 Min.   : 3.000   Min.   :0.000  
 1st Qu.: 7.000   1st Qu.:3.000  
 Median : 8.000   Median :4.000  
 Mean   : 7.583   Mean   :4.156  
 3rd Qu.: 8.000   3rd Qu.:5.000  
 Max.   :35.000   Max.   :8.000  
 NA's   :12       NA's   :12     
  site year doubleTRM fileId
1 HU54 2005         2   1018
2 HU27 2001         1    569
3 HU27 2006         1   1123
4 HU48 2001         1    574
5 HU53 2011         1   1702
6 HU96 2004         1    907
7 HU96 2009         1   1483
   site year positiveGradient fileId
1  HU61 2010               15   1594
2  HU27 2003                1    776
3  HU32 2004                1    893
4  HU37 2004                1    895
5  HU37 2006                1   1125
6  HU37 2011                1   1697
7  HU38 2003                1    779
8  HU38 2006                1   1126
9  HU38 2009                1   1473
10 HU48 2010                1   1590
11 HU48 2012                1   1817
12 HU53 2009                1   1477
13 HU54 2000                1    450
14 HU54 2005                1   1018
15 HU96 2007                1   1251
16 HU96 2011                1   1708
17 HU98 1998                1    214
[1] "*******"
[1] "MI"
[1] "*******"
 TRM_num_segment  TRM2UHY_segNum 
 Min.   : 4.000   Min.   :1.000  
 1st Qu.: 7.000   1st Qu.:4.000  
 Median : 8.000   Median :4.000  
 Mean   : 7.783   Mean   :4.342  
 3rd Qu.: 9.000   3rd Qu.:5.000  
 Max.   :11.000   Max.   :8.000  
 NA's   :14       NA's   :14     
   site year doubleTRM fileId
1  MI17 2008         1   1368
2  MI30 2006         1   1147
3  MI30 2009         1   1494
4  MI31 2001         1    592
5  MI32 2005         1   1035
6  MI34 2001         1    594
7  MI34 2006         1   1150
8  MI40 1999         1    356
9  MI42 2004         1    925
10 MI42 2006         1   1154
11 MI42 2007         1   1270
12 MI46 2000         1    473
13 MI46 2001         1    599
14 MI47 2003         1    809
15 MI47 2008         1   1384
16 MI48 2003         1    810
17 MI48 2007         1   1273
18 MI49 2003         1    811
19 MI49 2004         1    929
20 MI49 2005         1   1044
21 MI51 2009         1   1507
  site year positiveGradient fileId
1 MI17 2009                1   1487
2 MI30 2001                1    591
3 MI30 2007                1   1263
4 MI30 2013                1   1952
5 MI42 2007                1   1270
6 MI49 2007                1   1274
7 MI50 2007                1   1275
8 MI52 2005                1   1047
[1] "*******"
[1] "ON"
[1] "*******"
 TRM_num_segment  TRM2UHY_segNum 
 Min.   : 2.000   Min.   :0.000  
 1st Qu.: 7.000   1st Qu.:4.000  
 Median : 8.000   Median :5.000  
 Mean   : 7.631   Mean   :4.328  
 3rd Qu.: 9.000   3rd Qu.:5.000  
 Max.   :13.000   Max.   :8.000  
 NA's   :13       NA's   :13     
  site year doubleTRM fileId
1 ON68 2010         2   1637
2 ON12 2007         1   1280
3 ON25 2010         1   1624
4 ON33 2005         1   1051
5 ON41 2006         1   1199
6 ON41 2010         1   1628
  site year positiveGradient fileId
1 ON33 2012                3   1856
2 ON12 2007                1   1280
3 ON41 2005                1   1053
4 ON64 2011                1   1747
5 ON65 2006                1   1206
6 ON65 2013                1   1982
7 ON67 2007                1   1293
8 ON69 2010                1   1638
9 ON69 2011                1   1751
[1] "*******"
[1] "SU"
[1] "*******"
 TRM_num_segment  TRM2UHY_segNum 
 Min.   : 3.000   Min.   :0.000  
 1st Qu.: 6.000   1st Qu.:3.000  
 Median : 7.000   Median :4.000  
 Mean   : 7.006   Mean   :3.911  
 3rd Qu.: 8.000   3rd Qu.:4.000  
 Max.   :12.000   Max.   :9.000  
 NA's   :10       NA's   :10     
   site year doubleTRM fileId
1  SU03 2002         1    728
2  SU04 1998         1    277
3  SU04 2008         1   1418
4  SU04 2013         1   1991
5  SU06 1999         1    396
6  SU07 2003         1    845
7  SU07 2007         1   1304
8  SU10 2011         1   1764
9  SU14 2001         1    635
10 SU16 2003         1    855
11 SU16 2006         1   1181
12 SU17 2003         1    857
13 SU18 2001         1    639
14 SU18 2007         1   1317
15 SU22 2013         1   2013
16 SU23 2000         1    519
17 SU23 2004         1    981
18 SU23 2011         1   1778
   site year positiveGradient fileId
1  SU09 1998                3    281
2  SU19 2013                2   2010
3  SU04 2006                1   1168
4  SU05 2001                1    626
5  SU05 2003                1    843
6  SU06 2001                1    627
7  SU06 2012                1   1877
8  SU10 2007                1   1308
9  SU14 2010                1   1654
10 SU16 2008                1   1431
11 SU18 2003                1    858
12 SU20 2003                1    860
13 SU20 2010                1   1661
14 SU21 2006                1   1187
15 SU22 2008                1   1438
[1] "All data"
 TRM_num_segment  TRM2UHY_segNum 
 Min.   : 2.000   Min.   :0.000  
 1st Qu.: 6.000   1st Qu.:3.000  
 Median : 7.000   Median :4.000  
 Mean   : 6.915   Mean   :3.625  
 3rd Qu.: 8.000   3rd Qu.:5.000  
 Max.   :35.000   Max.   :9.000  
 NA's   :54       NA's   :54     
   site year doubleTRM fileId
1  HU54 2005         2   1018
2  ON68 2010         2   1637
3  ER09 2009         1   1441
4  ER36 2005         1    989
5  ER42 2001         1    551
6  ER43 2004         1    875
7  ER63 2007         1   1225
8  ER63 2009         1   1457
9  ER78 2009         1   1459
10 HU27 2001         1    569
11 HU27 2006         1   1123
12 HU48 2001         1    574
13 HU53 2011         1   1702
14 HU96 2004         1    907
15 HU96 2009         1   1483
16 MI17 2008         1   1368
17 MI30 2006         1   1147
18 MI30 2009         1   1494
19 MI31 2001         1    592
20 MI32 2005         1   1035
21 MI34 2001         1    594
22 MI34 2006         1   1150
23 MI40 1999         1    356
24 MI42 2004         1    925
25 MI42 2006         1   1154
26 MI42 2007         1   1270
27 MI46 2000         1    473
28 MI46 2001         1    599
29 MI47 2003         1    809
30 MI47 2008         1   1384
31 MI48 2003         1    810
32 MI48 2007         1   1273
33 MI49 2003         1    811
34 MI49 2004         1    929
35 MI49 2005         1   1044
36 MI51 2009         1   1507
37 ON12 2007         1   1280
38 ON25 2010         1   1624
39 ON33 2005         1   1051
40 ON41 2006         1   1199
41 ON41 2010         1   1628
42 SU03 2002         1    728
43 SU04 1998         1    277
44 SU04 2008         1   1418
45 SU04 2013         1   1991
46 SU06 1999         1    396
47 SU07 2003         1    845
48 SU07 2007         1   1304
49 SU10 2011         1   1764
50 SU14 2001         1    635
51 SU16 2003         1    855
52 SU16 2006         1   1181
53 SU17 2003         1    857
54 SU18 2001         1    639
55 SU18 2007         1   1317
56 SU22 2013         1   2013
57 SU23 2000         1    519
58 SU23 2004         1    981
59 SU23 2011         1   1778
   site year positiveGradient fileId
1  HU61 2010               15   1594
2  ON33 2012                3   1856
3  SU09 1998                3    281
4  ER58 2008                2   1334
5  SU19 2013                2   2010
6  ER09 2012                1   1780
7  ER10 2012                1   1781
8  ER30 2013                1   1903
9  ER31 2003                1    753
10 ER32 2006                1   1097
11 ER37 2003                1    756
12 ER42 2002                1    652
13 ER42 2004                1    874
14 ER43 2004                1    875
15 ER43 2010                1   1566
16 ER58 2011                1   1678
17 ER58 2012                1   1792
18 ER59 2002                1    655
19 ER59 2006                1   1105
20 ER60 2002                1    656
21 ER60 2009                1   1455
22 ER60 2010                1   1569
23 ER60 2013                1   1913
24 ER61 2001                1    556
25 ER61 2007                1   1224
26 ER61 2012                1   1795
27 ER73 2008                1   1339
28 ER91 2012                1   1800
29 ER91 2013                1   1918
30 ER92 2009                1   1461
31 ER93 1998                1    209
32 ER93 2009                1   1462
33 ER93 2012                1   1803
34 ER95 2008                1   1344
35 ER95 2011                1   1688
36 HU27 2003                1    776
37 HU32 2004                1    893
38 HU37 2004                1    895
39 HU37 2006                1   1125
40 HU37 2011                1   1697
41 HU38 2003                1    779
42 HU38 2006                1   1126
43 HU38 2009                1   1473
44 HU48 2010                1   1590
45 HU48 2012                1   1817
46 HU53 2009                1   1477
47 HU54 2000                1    450
48 HU54 2005                1   1018
49 HU96 2007                1   1251
50 HU96 2011                1   1708
51 HU98 1998                1    214
52 MI17 2009                1   1487
53 MI30 2001                1    591
54 MI30 2007                1   1263
55 MI30 2013                1   1952
56 MI42 2007                1   1270
57 MI49 2007                1   1274
58 MI50 2007                1   1275
59 MI52 2005                1   1047
60 ON12 2007                1   1280
61 ON41 2005                1   1053
62 ON64 2011                1   1747
63 ON65 2006                1   1206
64 ON65 2013                1   1982
65 ON67 2007                1   1293
66 ON69 2010                1   1638
67 ON69 2011                1   1751
68 SU04 2006                1   1168
69 SU05 2001                1    626
70 SU05 2003                1    843
71 SU06 2001                1    627
72 SU06 2012                1   1877
73 SU10 2007                1   1308
74 SU14 2010                1   1654
75 SU16 2008                1   1431
76 SU18 2003                1    858
77 SU20 2003                1    860
78 SU20 2010                1   1661
79 SU21 2006                1   1187
80 SU22 2008                1   1438
[1] "****************"
[1] "Analyzing Lake SU"
    site year fluoRatio fileId
1   SU21 2010  1.078872   1662
2   SU23 2009  1.089375   1553
3   SU23 2000  1.123310    519
4   SU23 2010  1.124361   1664
5   SU21 2005  1.136402   1087
6   SU11 2009  1.150884   1540
7   SU14 2012  1.159708   1887
8   SU05 2010  1.162166   1644
9   SU16 2009  1.187282   1545
10  SU06 2000  1.191430    502
11  SU20 2010  1.197483   1661
12  SU14 2010  1.270629   1654
13  SU07 2009  1.309011   1535
14  SU21 2004  1.309340    979
15  SU01 2010  1.311481   1640
16  SU10 2010  1.312153   1650
17  SU06 2010  1.315717   1645
18  SU23 2005  1.330446   1089
19  SU08 2009  1.334630   1537
20  SU14 2009  1.342436   1543
21  SU23 2012  1.350003   1898
22  SU01 2009  1.358410   1528
23  SU23 2002  1.379641    748
24  SU17 2009  1.401491   1547
25  SU05 2009  1.433878   1533
26  SU11 2004  1.438119    968
27  SU05 2005  1.486033   1070
28  SU02 2009  1.522689   1529
29  SU23 2007  1.539897   1322
30  SU19 2009  1.544589   1549
31  SU09 2004  1.545848    966
32  SU09 2010  1.564147   1649
33  SU11 2000  1.605786    507
34  SU19 2001  1.610988    640
35  SU15 2010  1.621217   1655
36  SU04 2010  1.632556   1643
37  SU10 2009  1.636371   1539
38  SU01 2004  1.648224    955
39  SU15 2000  1.663584    512
40  SU14 2000  1.664866    511
41  SU16 2010  1.670980   1656
42  SU12 2012  1.683322   1885
43  SU13 2012  1.688655   1886
44  SU08 2007  1.713697   1305
45  SU11 2010  1.721181   1651
46  SU11 2012  1.723003   1884
47  SU08 2010  1.726278   1647
48  SU21 1998  1.760023    269
49  SU15 1999  1.769300    407
50  SU18 2009  1.796970   1548
51  SU13 2000  1.798420    510
52  SU18 2010  1.823160   1659
53  SU20 2005  1.830600   1086
54  SU20 1999  1.835110    412
55  SU09 1998  1.842425    281
56  SU09 2008  1.864356   1424
57  SU19 2012  1.892407   1894
58  SU03 2010  1.903858   1642
59  SU07 2010  1.912364   1646
60  SU03 2009  1.922013   1530
61  SU21 2001  1.934554    641
62  SU23 2006  1.946151   1189
63  SU03 2005  1.955188   1067
64  SU09 2001  1.957818    630
65  SU15 2007  1.988664   1313
66  SU06 2001  2.004336    627
67  SU15 2004  2.005829    972
68  SU23 2003  2.021055    863
69  SU02 2001  2.085132    623
70  SU08 2005  2.100806   1072
71  SU01 2001  2.107591    622
72  SU22 2004  2.129409    980
73  SU13 2006  2.135450   1178
74  SU11 2008  2.148854   1426
75  SU22 1998  2.166053    270
76  SU09 2000  2.177608    505
77  SU23 2013  2.184894   2014
78  SU19 1999  2.189344    411
79  SU05 1999  2.194676    395
80  SU05 2001  2.200701    626
81  SU11 2013  2.214766   2000
82  SU20 2000  2.217283    517
83  SU03 2012  2.240802   1874
84  SU11 2003  2.241897    850
85  SU09 2012  2.258409   1881
86  SU17 2002  2.274716    742
87  SU02 2004  2.297274    957
88  SU10 2012  2.298673   1883
89  SU05 2000  2.298692    501
90  SU06 2003  2.315795    844
91  SU16 2004  2.317029    973
92  SU17 2012  2.328996   1891
93  SU07 2006  2.331979   1171
94  SU21 2000  2.337845    518
95  SU04 2003  2.339628    842
96  SU05 1998  2.374589    278
97  SU10 2001  2.380676    631
98  SU04 2000  2.382267    500
99  SU06 1999  2.386204    396
100 SU09 2003  2.401552    848
101 SU07 2005  2.407189   1071
102 SU11 2001  2.438335    632
103 SU06 2006  2.441963   1170
104 SU21 2012  2.443101   1896
105 SU15 1998  2.448812    287
106 SU18 2005  2.450619   1082
107 SU02 1998  2.450677    273
108 SU01 2005  2.513155   1064
109 SU14 2007  2.538583   1312
110 SU08 2000  2.595322    504
111 SU06 1998  2.627660    279
112 SU12 2011  2.658391   1766
113 SU12 2001  2.677462    633
114 SU03 2001  2.695014    624
115 SU02 2011  2.702701   1755
116 SU13 2011  2.724242   1767
117 SU10 2002  2.725309    735
118 SU21 2007  2.736604   1320
119 SU14 2003  2.739804    853
120 SU23 2011  2.774319   1778
121 SU02 2006  2.775962   1166
122 SU16 2001  2.801247    637
123 SU02 2000  2.846798    498
124 SU08 1999  2.855971    398
125 SU17 2000  2.860948    514
126 SU12 2000  2.865855    509
127 SU08 2003  2.867467    847
128 SU04 2012  2.872881   1875
129 SU12 2007  3.015941   1310
130 SU02 2003  3.025375    840
131 SU22 2003  3.032245    862
132 SU01 1999  3.071922    391
133 SU20 2008  3.076240   1436
134 SU18 1998  3.081525    290
135 SU02 1999  3.100264    392
136 SU10 2003  3.145010    849
137 SU22 2008  3.161440   1438
138 SU07 2013  3.162660   1994
139 SU04 2006  3.171110   1168
140 SU19 1998  3.188743    291
141 SU03 2000  3.202576    499
142 SU01 2000  3.219158    497
143 SU19 2000  3.231258    516
144 SU20 2004  3.258839    978
145 SU05 2006  3.300615   1169
146 SU05 2003  3.302991    843
147 SU04 1999  3.306077    394
148 SU16 1998  3.373537    288
149 SU07 1999  3.395350    397
150 SU08 1998  3.422911    293
151 SU02 2007  3.431303   1299
152 SU01 2013  3.482974   1987
153 SU04 2004  3.506268    959
154 SU07 1998  3.517420    280
155 SU05 2012  3.523428   1876
156 SU11 2007  3.552256   1309
157 SU12 2008  3.597346   1427
158 SU04 2013  3.609385   1991
159 SU02 2008  3.627514   1416
160 SU11 1998  3.663601    283
161 SU20 2007  3.701698   1319
162 SU10 1999  3.717615    401
163 SU18 2011  3.721308   1773
164 SU16 2008  3.739909   1431
165 SU12 2003  3.757021    851
166 SU17 2004  3.760937    974
167 SU01 2008  3.762711   1415
168 SU02 2012  3.764736   1873
169 SU03 1998  3.767791    274
170 SU06 2008  3.785750   1420
171 SU01 2012  3.801173   1871
172 SU20 2006  3.808880   1186
173 SU04 2005  3.811201   1068
174 SU07 2012  3.844290   1878
175 SU11 2006  3.867782   1176
176 SU16 2003  3.890964    855
177 SU10 1998  3.893318    282
178 SU20 2011  3.970037   1775
179 SU07 2008  3.990392   1421
180 SU03 2013  3.992479   1990
181 SU04 2002  4.001762    729
182 SU17 2006  4.006798   1182
183 SU02 2013  4.044080   1989
184 SU18 2000  4.061778    515
185 SU01 2003  4.124290    839
186 SU10 2000  4.148323    506
187 SU11 2011  4.149462   1765
188 SU19 2003  4.160741    859
189 SU17 1998  4.195512    289
190 SU08 2012  4.223265   1879
191 SU09 2006  4.223552   1174
192 SU18 2003  4.328555    858
193 SU21 2008  4.377009   1437
194 SU05 2007  4.417999   1302
195 SU01 2006  4.504498   1164
196 SU21 2006  4.552131   1187
197 SU09 2011  4.571953   1763
198 SU18 2008  4.598306   1434
199 SU13 1998  4.619139    285
200 SU16 2013  4.716607   2005
201 SU17 2003  4.743473    857
202 SU16 2006  4.755486   1181
203 SU10 2008  4.825563   1425
204 SU07 2011  4.830116   1760
205 SU18 2004  5.018974    976
206 SU03 2006  5.105567   1167
207 SU06 2012  5.276500   1877
208 SU13 2008  5.565788   1428
209 SU10 2011  5.667385   1764
210 SU06 2011  5.841365   1759
211 SU06 2007  5.868951   1303
212 SU05 2013  6.247142   1992
213 SU18 2006  6.320751   1184
214 SU03 2007  6.342479   1300
215 SU19 2007  7.030169   1318
216 SU04 2008  7.078810   1418
217 SU18 2012  7.141685   1893
218 SU08 2008  7.854134   1423
219 SU22 2007  8.365817   1321
220 SU17 2011  8.618942   1771
221 SU09 2007  9.400105   1307
222 SU16 2011  9.536122   1770
223 SU05 2008  9.596825   1419
224 SU20 2013 10.121662   2011
225 SU03 2008 12.739549   1417
226 SU01 2007 14.647689   1297
227 SU01 1998        NA    271
228 SU01 2002        NA    725
229 SU01 2011        NA   1753
230 SU02 2002        NA    727
231 SU02 2005        NA   1066
232 SU02 2010        NA   1641
233 SU03 1999        NA    393
234 SU03 2002        NA    728
235 SU03 2003        NA    841
236 SU03 2004        NA    958
237 SU03 2011        NA   1756
238 SU04 1998        NA    277
239 SU04 2001        NA    625
240 SU04 2007        NA   1301
241 SU04 2009        NA   1532
242 SU04 2011        NA   1757
243 SU05 2002        NA    730
244 SU05 2004        NA    961
245 SU05 2011        NA   1758
246 SU06 2002        NA    731
247 SU06 2004        NA    962
248 SU06 2005        NA     NA
249 SU06 2009        NA   1534
250 SU06 2013        NA   1993
 [ reached getOption("max.print") -- omitted 118 rows ]
   Min. 1st Qu.  Median    Mean 3rd Qu.    Max.    NA's 
  1.079   1.895   2.686   3.142   3.781  14.650     142 
      year        DCL_depth      TRM_segment       DCL_conc      
 Min.   :1998   Min.   : 7.00   Min.   : 4.00   Min.   :0.07855  
 1st Qu.:2002   1st Qu.:24.50   1st Qu.:12.25   1st Qu.:1.11415  
 Median :2006   Median :29.75   Median :16.25   Median :1.67835  
 Mean   :2006   Mean   :29.78   Mean   :17.72   Mean   :1.97301  
 3rd Qu.:2009   3rd Qu.:35.00   3rd Qu.:21.50   3rd Qu.:2.44440  
 Max.   :2013   Max.   :55.25   Max.   :60.00   Max.   :8.16850  
                NA's   :20      NA's   :30      NA's   :26       
   year   median
1  1998 3.188743
2  1999 2.855971
3  2000 2.360056
4  2001 2.154146
5  2002 2.500012
6  2003 3.032245
7  2004 2.213342
8  2005 2.027997
9  2006 3.838331
10 2007 3.626977
11 2008 3.888071
12 2009 1.379951
13 2010 1.564147
14 2011 4.149462
15 2012 2.328996
16 2013 3.800932
$stats
         [,1]     [,2]     [,3]     [,4]     [,5]     [,6]     [,7]     [,8]     [,9]
[1,] 1.760023 1.769300 1.123310 1.610988 1.379641 2.021055 1.309340 1.136402 1.946151
[2,] 2.448812 2.192010 1.731643 1.981077 1.827178 2.401552 1.597036 1.486033 2.608963
[3,] 3.188743 2.855971 2.360056 2.154146 2.500012 3.032245 2.213342 2.027997 3.838331
[4,] 3.663601 3.203170 3.034216 2.557898 3.363535 3.890964 3.382554 2.450619 4.528315
[5,] 4.619139 3.717615 4.148323 2.801247 4.001762 4.743473 5.018974 3.811201 6.320751
        [,10]    [,11]    [,12]    [,13]    [,14]    [,15]    [,16]
[1,] 1.539897 1.864356 1.089375 1.078872 2.658391 1.159708 2.184894
[2,] 2.637593 3.597346 1.309011 1.270629 2.774319 1.807705 3.162660
[3,] 3.626977 3.888071 1.379951 1.564147 4.149462 2.328996 3.800932
[4,] 6.686324 5.565788 1.544589 1.721181 5.667385 3.782954 4.716607
[5,] 9.400105 7.854134 1.796970 1.912364 9.536122 5.276500 6.247142

$n
 [1] 17 11 20 12  4 17 12 10 16 16 18 14 17 13 19 10

$conf
         [,1]     [,2]     [,3]     [,4]     [,5]     [,6]     [,7]     [,8]     [,9]
[1,] 2.723229 2.374266 1.899859 1.891054 1.286290 2.461493 1.398955 1.546051 3.080187
[2,] 3.654258 3.337675 2.820253 2.417238 3.713734 3.602997 3.027728 2.509943 4.596475
        [,10]    [,11]    [,12]    [,13]    [,14]    [,15]    [,16]
[1,] 2.027729 3.155005 1.280473 1.391492 2.881682 1.613014 3.024518
[2,] 5.226226 4.621137 1.479429 1.736801 5.417241 3.044978 4.577346

$out
[1] 14.647689 12.739549  9.596825  1.922013  7.141685 10.121662

$group
[1] 10 11 11 12 15 16

$names
 [1] "1998" "1999" "2000" "2001" "2002" "2003" "2004" "2005" "2006" "2007" "2008"
[12] "2009" "2010" "2011" "2012" "2013"

   site   median    Lat   Long Running
1  SU01 3.219158 46.993 85.161       1
2  SU02 2.846798 47.361 85.621       1
3  SU03 3.202576 46.894 85.851       1
4  SU04 3.306077 47.259 86.348       1
5  SU05 2.374589 46.775 86.556       1
6  SU06 2.441963 48.559 86.377       1
7  SU07 3.279005 48.074 86.591       1
8  SU08 2.725647 47.606 86.818       1
9  SU09 2.177608 48.437 87.086       1
10 SU10 3.145010 47.514 87.546       1
11 SU11 2.214766 48.344 87.825       1
12 SU12 2.865855 47.856 88.042       1
13 SU13 2.429846 48.230 88.544       1
14 SU14 1.503651 47.741 88.737       1
15 SU15 1.878982 48.083 89.253       1
16 SU16 3.556723 47.621 89.463       1
17 SU17 3.760937 47.164 89.662       1
18 SU18 4.061778 47.514 90.152       1
19 SU19 2.689044 47.370 90.854       1
20 SU20 3.167539 46.883 90.283       1
21 SU21 2.136199 47.158 87.786       1
22 SU22 3.032245 46.800 91.750       1
23 SU23 1.379641 46.597 84.807       1
 [1] 1998 1999 2000 2001 2002 2003 2004 2005 2006 2007 2008 2009 2010 2011 2012 2013
 [1] 1998 1999 2000 2001 2002 2003 2004 2005 2006 2007 2008 2009 2010 2011 2012 2013
  [1] 1998 1999 2000 2001 2002 2003 2004 2005 2006 2007 2008 2009 2010 2011 2012 2013
 [17] 1998 1999 2000 2001 2002 2003 2004 2005 2006 2007 2008 2009 2010 2011 2012 2013
 [33] 1998 1999 2000 2001 2002 2003 2004 2005 2006 2007 2008 2009 2010 2011 2012 2013
 [49] 1998 1999 2000 2001 2002 2003 2004 2005 2006 2007 2008 2009 2010 2011 2012 2013
 [65] 1998 1999 2000 2001 2002 2003 2004 2005 2006 2007 2008 2009 2010 2011 2012 2013
 [81] 1998 1999 2000 2001 2002 2003 2004 2005 2006 2007 2008 2009 2010 2011 2012 2013
 [97] 1998 1999 2000 2001 2002 2003 2004 2005 2006 2007 2008 2009 2010 2011 2012 2013
[113] 1998 1999 2000 2001 2002 2003 2004 2005 2006 2007 2008 2009 2010 2011 2012 2013
[129] 1998 1999 2000 2001 2002 2003 2004 2005 2006 2007 2008 2009 2010 2011 2012 2013
[145] 1998 1999 2000 2001 2002 2003 2004 2005 2006 2007 2008 2009 2010 2011 2012 2013
[161] 1998 1999 2000 2001 2002 2003 2004 2005 2006 2007 2008 2009 2010 2011 2012 2013
[177] 1998 1999 2000 2001 2002 2003 2004 2005 2006 2007 2008 2009 2010 2011 2012 2013
[193] 1998 1999 2000 2001 2002 2003 2004 2005 2006 2007 2008 2009 2010 2011 2012 2013
[209] 1998 1999 2000 2001 2002 2003 2004 2005 2006 2007 2008 2009 2010 2011 2012 2013
[225] 1998 1999 2000 2001 2002 2003 2004 2005 2006 2007 2008 2009 2010 2011 2012 2013
[241] 1998 1999 2000 2001 2002 2003 2004 2005 2006 2007 2008 2009 2010 2011 2012 2013
[257] 1998 1999 2000 2001 2002 2003 2004 2005 2006 2007 2008 2009 2010 2011 2012 2013
[273] 1998 1999 2000 2001 2002 2003 2004 2005 2006 2007 2008 2009 2010 2011 2012 2013
[289] 1998 1999 2000 2001 2002 2003 2004 2005 2006 2007 2008 2009 2010 2011 2012 2013
[305] 1998 1999 2000 2001 2002 2003 2004 2005 2006 2007 2008 2009 2010 2011 2012 2013
[321] 1998 1999 2000 2001 2002 2003 2004 2005 2006 2007 2008 2009 2010 2011 2012 2013
[337] 1998 1999 2000 2001 2002 2003 2004 2005 2006 2007 2008 2009 2010 2011 2012 2013
[353] 1998 1999 2000 2001 2002 2003 2004 2005 2006 2007 2008 2009 2010 2011 2012 2013
[369] 1998 1999 2000 2001 2002 2003 2004 2005 2006 2007 2008 2009 2010 2011 2012 2013
[385] 1998 1999 2000 2001 2002 2003 2004 2005 2006 2007 2008 2009 2010 2011 2012 2013
      X   LEP  UHY maxDepth minDepth springBottomTemp springSum_LEP springSum_UHY
3     2 12.75 24.0    83.75        3        3.7132163    148.301166     315.36123
4     3  8.75 25.5    83.75        3        2.4029644     58.180390     220.94852
5     4 22.25 37.5    83.75        3        2.3683172    184.432592     328.85750
6     5  8.25 52.5    83.75        3        1.5211788     33.203475     300.76831
7     6  9.25 32.5    83.75        3        1.9167987     49.210851     226.19412
8     7  5.75 26.0    83.75        3        0.6398537      7.930321      61.21444
9     8 17.75 33.0    83.75        3        1.2467006     75.752780     151.88953
10    9 20.25 41.0    83.75        3        1.3828845     99.174805     213.84932
11   10 10.25 31.5    83.75        3        2.0677282     61.771511     236.72598
12   11 17.75 36.0    83.75        3        1.1763475     68.395153     152.46020
13   12 11.75 28.0    83.75        3        1.7182260     61.053811     172.22991
14   13 13.25 29.0    83.75        3        1.0072083     42.202757     105.31572
15   14 33.75 62.5    83.75        3        2.5412960    313.608167     605.77697
16   15    NA 36.0    83.75        3        1.5007299            NA     198.74526
17   16 22.25 46.5    83.75        3        2.6793765    210.582221     471.01386
18   17 10.75 24.5    83.75        3        0.9654957     31.128134      84.21593
21   20 13.75 29.0   143.75        3        3.2292701    143.663925     341.37726
22   21 16.75 29.0   143.75        3        2.3573342    133.511931     249.62525
23   22 15.75 23.0   143.75        3        2.3312987    121.534640     189.12313
24   23  9.25 19.0   143.75        3        1.4443479     37.206365      93.34787
25   24    NA 37.0   143.75        3        1.9763854            NA     268.55344
26   25 13.75 22.5   143.75        3        0.6669140     29.595202      52.94318
27   26  7.25 20.5   143.75        3        1.4536866     26.238232     103.38641
28   27 12.25 29.0   143.75        3        1.5698531     60.122529     165.30693
29   28 12.75 39.5   143.75        3        2.0845457     81.171109     301.17196
30   29 15.25 33.5   143.75        3        1.4236562     70.590067     174.00172
31   30 12.75 20.5   143.75        3        1.4764347     56.113507     101.55004
32   31 14.75 35.5   143.75        3        0.8512941     40.697926     111.65429
33   32 16.75 33.5   143.75        3        2.5130378    140.595956     308.94289
34   33  9.75 23.5   143.75        3        1.1788216     33.010221      97.84168
35   34 21.75 28.5   143.75        3        2.7664441    209.003953     283.70555
36   35  6.25 21.5   143.75        3        1.1863438     16.887819      89.43598
39   38 16.25 45.5   142.75        3        3.1603855    170.482715     540.34048
40   39    NA   NA       NA       NA               NA            NA            NA
41   40 12.75 32.5   142.75        3        2.3998872     95.796934     284.93420
42   41  8.75 25.5   142.75        3        1.7611308     42.496731     160.64811
43   42  7.25 31.0   142.75        3        2.1568287     38.867584     243.80087
44   43 15.25 26.0   142.75        3        0.9755780     49.420121      91.36191
45   44    NA   NA   142.75        3        1.8827747            NA            NA
46   45 29.25 43.5   142.75        3        1.7594107    186.534721     286.80926
47   46  6.75 29.5   142.75        3        2.1874898     33.802557     231.70555
48   47 10.75 43.5   142.75        3        1.3500854     42.855083     219.03958
49   48 13.25 30.5   142.75        3        1.8809789     76.678739     206.17054
50   49  9.25 38.0   142.75        3        1.3275796     33.271506     185.00678
51   50 19.75 40.5   142.75        3        2.5968947    177.381536     393.25770
52   51    NA 38.5   142.75        3        1.4923897            NA     212.51554
53   52  8.75 34.5   142.75        3        2.8440375     67.933338     359.94008
54   53  9.25 28.5   142.75        3        1.3911906     36.778931     143.24856
57   56 14.25 26.5   136.75        3        3.1645419    143.219239     298.06960
58   57 13.25 34.5   136.75        3        2.6397670    110.592374     334.83662
59   58 19.25 32.5   136.75        3        2.5828869    170.004382     306.86799
60   59    NA 20.0   136.75        3        1.7620007            NA     121.64747
61   60 13.75 45.5   136.75        3        2.1841908     91.742354     367.63036
62   61  8.25 18.5   136.75        3        0.6448677     14.267080      40.71673
63   62  9.75 25.5   136.75        3        1.6865165     47.171865     153.39080
64   63 18.25 25.5   136.75        3        2.0020974    123.847275     181.84802
65   64  9.75 26.5   136.75        3        2.3557086     66.965965     225.36282
66   65 17.75 26.5   136.75        3        1.6601218    101.330471     159.43618
    springSum_bottom springSurfaceTemp station summerBottomTemp summerSum_LEP
3         1202.14871         3.7075291    SU01         6.624329     727.67423
4          786.61694         2.4241829    SU01         5.189509     383.91716
5          767.97600         2.3645204    SU01         5.434214    1151.13559
6          491.54475         1.5092489    SU01         4.884265     292.13240
7          624.26506         1.8927250    SU01         4.650085     357.76903
8          208.21626         0.6608601    SU01         5.124361     176.99607
9          405.81118         1.2625463    SU01         4.830250     600.99504
10         450.57913         1.4167829    SU01         4.683407    1224.91026
11         671.23816         2.0590504    SU01         4.771422     504.45910
12         391.82859         1.1399192    SU01         5.848178     841.84055
13         557.94412         1.6959392    SU01         5.013265     571.42432
14         334.48549         1.0048276    SU01         6.229762     597.11136
15         821.71674         2.5290981    SU01         4.536559    2152.29222
16         500.62142         1.4926096    SU01         4.183013            NA
17         868.44218         2.6997721    SU01         4.669707    1163.13180
18         319.70252         0.9727542    SU01         5.076989     427.23328
21        1823.54694         3.2650892    SU02         4.923659     817.09986
22        1317.01186         2.3841416    SU02         4.617358     842.55126
23        1321.58923         2.3372046    SU02         5.166658     788.76157
24         826.77698         1.4310140    SU02         4.988410     362.26555
25        1140.97136         1.9411581    SU02         4.062465            NA
26         541.94388         0.6726182    SU02         5.240884     606.63139
27         987.24687         1.4576796    SU02         4.175044     218.13267
28        1049.43009         1.5821718    SU02         4.860238     577.28676
29        1182.04525         2.0292777    SU02         4.137841     605.19166
30         975.23617         1.4118013    SU02         5.385263     611.01432
31         891.45677         1.4028377    SU02         4.679276     568.03189
32         719.56935         0.8478735    SU02         4.927039     623.98791
33        1421.15387         2.5106421    SU02         5.171476     916.27026
34         870.74837         1.1789365    SU02         4.400631     429.95558
35        1559.97997         2.7500520    SU02         5.543051    1236.18063
36         925.36187         1.2062728    SU02         5.094101     191.41194
39        1773.73841         3.1570873    SU03         5.036364    1010.30748
40                NA                NA    SU03               NA            NA
41        1361.46886         2.3949234    SU03         5.157026     600.24004
42         989.80385         1.7706971    SU03         5.022981     377.07611
43        1209.17259         2.1593102    SU03         5.691105     287.92450
44         647.88147         0.9884024    SU03         5.040021     628.92708
45         916.14841         1.5359170    SU03         3.796870            NA
46        1058.43534         1.7597615    SU03         5.171211    1409.53565
47        1228.43348         2.1126598    SU03         4.620950     276.17338
48         804.59368         1.3392213    SU03         4.990078     553.33579
49        1067.98675         1.8256843    SU03         4.944904     744.07123
50         807.38251         1.2796733    SU03         4.578858     374.42712
51        1460.80587         2.6085520    SU03         5.406317    1223.06559
52         844.04721         1.4767246    SU03         5.033806            NA
53        1602.29640         2.8305558    SU03         5.998595     427.58120
54         797.23605         1.4145743    SU03         4.961145     399.26542
57        1701.10363         3.1134617    SU04         5.341080     865.32308
58        1414.30428         2.6331518    SU04         4.458827     633.42264
59        1383.91438         2.5758240    SU04         4.893511     993.06122
60         959.83871         1.7689098    SU04         5.242736            NA
61        1167.15004         2.0850535    SU04         4.217182     621.88418
62         508.82536         0.6485037    SU04         5.520220     303.20705
63         906.80137         1.6847095    SU04         5.172092     352.11789
64        1085.10748         1.9975367    SU04         5.864148    1031.17723
65        1269.48113         2.3916416    SU04         5.438262     443.09486
66         906.29228         1.6888412    SU04         5.177698     801.85129
    summerSum_UHY summerSum_bottom summerSurfaceTemp year
3       1170.7815        2322.9792         18.191856 1998
4       1109.9603        2064.5916         15.996548 1999
5       1682.0847        2497.2633         14.758149 2000
6       1598.5338        2147.2612         13.278745 2001
7       1085.1718        1932.9966         13.760347 2002
8        848.0014        1872.0841         14.749673 2003
9       1016.9995        1878.9733         10.016584 2004
10      1841.5407        2544.9917         17.498718 2005
11      1297.9125        2188.7284         16.815303 2006
12      1490.9337        2361.2610         14.030676 2007
13      1017.7521        1948.7881         15.872898 2008
14      1187.6870        2228.9342         14.216937 2009
15      3065.6918        3418.6325         17.357195 2010
16      1074.0803        1839.3680         15.267813 2011
17      1840.4139        2481.8272         14.911946 2012
18       848.3114        1819.5134         13.351040 2013
21      1318.9722        3176.7529         18.570451 1998
22      1254.4634        3037.5558         15.045558 1999
23      1029.0367        2978.6070         15.168492 2000
24       676.0783        2686.8718         13.933290 2001
25      1223.3710        2861.0352         13.919056 2002
26       883.8715        2822.2796         13.787077 2003
27       588.2357        2481.9083         12.118482 2004
28      1151.8601        2978.5883         15.191757 2005
29      1474.3412        3089.2396         15.129792 2006
30      1216.0609        3014.4327         12.220286 2007
31       790.8815        2749.4317         14.200797 2008
32      1239.0207        2954.7618         12.999748 2009
33      1449.0928        3212.5537         16.361969 2010
34       846.2150        2699.7047         15.355556 2011
35      1507.0893        3355.3306         16.265535 2012
36       822.4219        2757.2488         13.672282 2013
39      2094.7611        3744.2348         18.709398 1998
40             NA               NA                NA 1999
41      1286.2908        3103.9518         15.006001 2000
42      1000.1001        2909.4598         15.711505 2001
43      1155.1978        3034.2810         15.995806 2002
44       990.8856        2885.5901         12.578542 2003
45             NA        2532.2724          7.483465 2004
46      1783.8978        3437.3177         13.297506 2005
47      1205.2063        2979.1411         17.260836 2006
48      1883.1326        3526.0386         17.291743 2007
49      1271.6952        3078.5735         17.715982 2008
50      1429.3884        3072.3909         14.401043 2009
51      2034.3295        3715.6762         17.986259 2010
52      1405.4528        3037.9667         15.476734 2011
53      1807.1591        3581.4001         17.815883 2012
54      1141.5214        2959.7092         15.356362 2013
57      1284.4151        3108.8379         18.811371 1998
58      1296.9302        2890.3837         15.081491 1999
59      1410.4385        3083.8639         15.046382 2000
60       637.6453        2512.3013         13.565645 2001
61      1613.0153        3017.2969         14.133731 2002
62       656.6056        2570.7204         13.782139 2003
63       942.3456        2706.5118         12.575639 2004
64      1349.7960        3194.7814         16.631891 2005
65      1187.7933        2920.9485         15.824817 2006
66      1068.5838        2940.4168         13.364188 2007
 [ reached getOption("max.print") -- omitted 342 rows ]
