[1] "Doing algorithm validation"
[1] "print difference with expert "
   site year DCL_diff fileId
1  ER63 1999    12.95    311
2  ER10 2010     7.00   1556
3  ER15 1999     5.25    297
4  ER10 2003    -3.50    750
5  ER15 2009    -2.15   1444
6  ER31 1999    -1.65    300
7  ER09 2003     1.25    749
8  ER78 1999    -1.00    314
9  ER10 1999     0.85    296
10 ER63 2003     0.55    764
11 ER09 2009    -0.50   1441
12 ER31 2005     0.50    987
13 ER37 2005     0.50    990
14 ER37 2008     0.45   1330
15 ER43 1999     0.45    306
16 ER63 2009     0.30   1457
17 ER42 2006    -0.10   1101
18 ER10 2004     0.00    866
19 ER10 2005     0.00    983
20 ER15 2005     0.00    984
[1] "print difference with expert "
   site year DCL_diff fileId
1  HU45 2011    36.05   1700
2  HU32 2011    28.75   1696
3  HU48 2011    28.50   1701
4  HU06 2009   -19.50   1465
5  HU15 2011    16.00   1694
6  HU32 2004     9.75    893
7  HU37 2003     9.35    778
8  HU54 2004    -5.50    901
9  HU45 2004    -5.25    897
10 HU37 2005     5.00   1012
11 HU12 2006    -4.85   1120
12 HU61 1999     4.50    337
13 HU45 2008    -3.90   1356
14 HU32 1999    -3.60    327
15 HU32 2007     3.30   1239
16 HU93 2008    -2.70   1362
17 HU54 2007     2.65   1246
18 HU45 2010    -2.60   1589
19 HU15 2005    -2.50   1008
20 HU48 2006    -2.40   1129
[1] "print difference with expert "
   site year DCL_diff fileId
1  MI41 2010   -16.85   1611
2  MI19 1999   -15.00    348
3  MI32 2005    10.95   1035
4  MI40 2005     9.25   1037
5  MI17 2005    -7.75   1027
6  MI19 2006    -6.80   1143
7  MI17 2004     4.25    911
8  MI19 2011     4.25   1716
9  MI32 2004     4.25    920
10 MI19 2003    -3.55    796
11 MI41 2004     3.50    923
12 MI41 2005     3.50   1038
13 MI18 2007     3.45   1257
14 MI40 2003    -2.75    804
15 MI17 2009     2.55   1487
16 MI17 1999    -2.25    345
17 MI27 1999    -2.25    350
18 MI19 2005     2.00   1029
19 MI34 2008     1.90   1378
20 MI32 2010    -1.85   1608
[1] "print difference with expert "
   site year DCL_diff fileId
1  ON63 2011   -20.50   1746
2  ON49 2011   -11.10   1742
3  ON25 1999    -3.80    371
4  ON60 2004    -3.75    946
5  ON55 2007    -2.35   1287
6  ON55 2005    -1.95   1055
7  ON25 2006    -1.80   1195
8  ON33 2008    -1.70   1395
9  ON41 1999     1.50    377
10 ON41 2004    -1.50    942
11 ON41 2010    -1.50   1628
12 ON55 2004     1.50    944
13 ON12 2011    -1.25   1737
14 ON33 2009     1.25   1514
15 ON60 2011    -1.25   1745
16 ON33 2006    -1.20   1197
17 ON49 2010    -1.15   1629
18 ON55 2008    -1.00   1399
19 ON33 1999     0.90    372
20 ON49 2006    -0.85   1200
[1] "print difference with expert "
   site year DCL_diff fileId
1  SU15 1999   -30.50    407
2  SU09 2011   -12.60   1763
3  SU13 2011    -8.60   1767
4  SU16 2004    -7.75    973
5  SU14 2004    -7.50    971
6  SU18 2005    -7.10   1082
7  SU15 2004    -7.00    972
8  SU16 2003     6.85    855
9  SU14 1999    -6.75    406
10 SU19 2004     6.75    977
11 SU17 2008     6.50   1433
12 SU06 2010    -6.35   1645
13 SU06 1999    -6.25    396
14 SU09 2006    -6.00   1174
15 SU02 2006     5.00   1166
16 SU03 2004    -5.00    958
17 SU14 2007    -4.70   1312
18 SU14 2009    -4.40   1543
19 SU14 2008    -4.20   1429
20 SU05 2008     4.05   1419
$ER
   Min. 1st Qu.  Median    Mean 3rd Qu.    Max.    NA's 
 -3.500  -0.100   0.300   1.007   0.550  12.950     331 

$HU
    Min.  1st Qu.   Median     Mean  3rd Qu.     Max.     NA's 
-19.5000  -0.7250  -0.0500   0.7704   0.5000  36.0500      185 

$MI
    Min.  1st Qu.   Median     Mean  3rd Qu.     Max.     NA's 
-16.8500  -0.9500  -0.2500  -0.3028   0.3875  10.9500      230 

$ON
    Min.  1st Qu.   Median     Mean  3rd Qu.     Max.     NA's 
-20.5000  -0.6750  -0.3000  -0.8587   0.0000   1.5000      140 

$SU
    Min.  1st Qu.   Median     Mean  3rd Qu.     Max.     NA's 
-30.5000  -1.5000  -0.6500  -0.9588   0.2500   6.8500      187 

     site year fileId expert_DCL DCL_diff DCL_depth
13   ER09 2010   1555     21.100       NA        NA
14   ER09 2011   1666     12.800       NA        NA
45   ER15 2010   1558     23.100       NA        NA
50   ER30 1999    299     17.100       NA        NA
82   ER32 1999    301     17.100       NA        NA
98   ER36 1999    302     17.800       NA        NA
104  ER36 2005    989     15.000       NA        NA
114  ER37 1999    303     18.500       NA        NA
130  ER38 1999    304     13.000       NA        NA
146  ER42 1999    305     15.900       NA        NA
258  ER73 1999    312     17.000       NA        NA
264  ER73 2005    999     17.500       NA        NA
279  ER78 2004    882     19.000       NA        NA
280  ER78 2005   1000     18.500       NA        NA
413  HU15 2010   1583     44.100       NA        NA
427  HU27 2008   1351     45.100       NA        NA
445  HU32 2010   1585     40.000       NA        NA
1042 ON49 1999    380     28.000       NA        NA
1085 ON60 2010   1632     15.200       NA        NA
1091 ON63 2000    491     18.232       NA        NA
1098 ON63 2007   1290      8.300       NA        NA
1100 ON63 2009   1520      9.800       NA        NA
1367 SU12 2004    969     20.000       NA        NA
1384 SU13 2005   1076     44.200       NA        NA
[1] "DCL"
# A tibble: 5 × 5
   lake totalN only_pred only_expert allExist
  <chr>  <int>     <int>       <int>    <int>
1    ER    352       131          14       21
2    HU    288       149           3      103
3    MI    336       181           0      106
4    ON    208        83           5       68
5    SU    368       163           2      181
$stats
      [,1]   [,2]  [,3] [,4]  [,5]
[1,] -1.00 -2.500 -2.75 -1.7 -3.60
[2,] -0.10 -0.725 -1.00 -0.7 -1.50
[3,]  0.30 -0.050 -0.25 -0.3 -0.65
[4,]  0.55  0.500  0.40  0.0  0.25
[5,]  1.25  2.250  2.00  0.9  2.55

$n
[1]  21 103 106  68 181

$conf
           [,1]       [,2]        [,3]       [,4]       [,5]
[1,] 0.07589023 -0.2407105 -0.46484843 -0.4341222 -0.8555208
[2,] 0.52410977  0.1407105 -0.03515157 -0.1658778 -0.4444792

$out
 [1]  -3.50   7.00   5.25  -2.15  -1.65  12.95 -19.50  -4.85  16.00  -3.60   9.75   3.30  28.75   9.35   5.00  -5.25  -3.90  -2.60  36.05  28.50  -5.50   2.65   4.50  -2.70   4.25  -7.75   2.55   3.45 -15.00
[30]  -3.55  -6.80   4.25   4.25  10.95   9.25   3.50   3.50 -16.85  -3.80  -1.80   1.25   1.50 -11.10   1.50  -1.95  -2.35  -3.75 -20.50   3.25   5.00  -5.00   4.05  -6.25  -6.35  -6.00 -12.60   3.25  -8.60
[59]  -6.75  -7.50  -4.70  -4.20  -4.40 -30.50  -7.00   3.25   6.85  -7.75   3.35   6.50  -7.10   6.75

$group
 [1] 1 1 1 1 1 1 2 2 2 2 2 2 2 2 2 2 2 2 2 2 2 2 2 2 3 3 3 3 3 3 3 3 3 3 3 3 3 3 4 4 4 4 4 4 4 4 4 4 5 5 5 5 5 5 5 5 5 5 5 5 5 5 5 5 5 5 5 5 5 5 5 5

$names
[1] "ER" "HU" "MI" "ON" "SU"

[1] "print difference with expert "
   site year TRM_diff fileId
1  ER15 1999    4.750    297
2  ER78 2007    4.650   1227
3  ER15 2001    3.500    544
4  ER63 2002   -3.500    658
5  ER10 2002   -2.800    644
6  ER10 1999    2.750    296
7  ER09 2000   -2.713    415
8  ER15 2000   -2.607    417
9  ER10 2001    2.250    543
10 ER73 2000    2.165    431
11 ER15 2006   -2.150   1093
12 ER63 1998   -2.000    204
13 ER15 2003   -1.700    751
14 ER09 1998   -1.500    188
15 ER15 1998   -1.250    190
16 ER43 2001   -1.100    552
17 ER10 2000    1.017    416
18 ER09 2001    1.000    542
19 ER37 1998    1.000    195
20 ER73 1998   -1.000    205
[1] "print difference with expert "
   site year TRM_diff fileId
1  HU37 1998  -12.250    223
2  HU48 2002  -11.250    674
3  HU38 2001  -10.550    572
4  HU06 1998  -10.500    215
5  HU12 2001   -8.750    566
6  HU45 2000   -7.659    446
7  HU54 2010   -6.750   1592
8  HU53 2000   -6.295    449
9  HU09 2002   -6.100    666
10 HU45 2009   -5.700   1475
11 HU93 2001   -5.250    578
12 HU45 2006    4.700   1127
13 HU54 2007   -4.600   1246
14 HU37 2001   -4.200    571
15 HU54 2005    4.050   1018
16 HU15 2001   -4.000    567
17 HU48 1998   -4.000    227
18 HU45 1998   -3.900    225
19 HU45 2007   -3.850   1242
20 HU12 2000   -3.739    438
[1] "print difference with expert "
   site year TRM_diff fileId
1  MI18 2011   -9.000   1715
2  MI41 1998   -7.500    249
3  MI27 2006    7.350   1145
4  MI11 1998   -5.821    239
5  MI23 1998   -4.800    244
6  MI34 2002   -4.750    693
7  MI41 2010   -4.550   1611
8  MI47 2002    4.550    698
9  MI18 2003   -4.500    795
10 MI27 2002   -4.500    690
11 MI18 2001   -4.450    585
12 MI40 1998   -4.350    248
13 MI27 2010   -4.300   1605
14 MI19 1998   -4.250    243
15 MI40 1999    4.250    356
16 MI27 2011   -4.200   1719
17 MI34 1998   -3.550    247
18 MI17 1998   -3.300    240
19 MI18 2004   -3.250    912
20 MI18 2008   -3.100   1370
[1] "print difference with expert "
   site year TRM_diff fileId
1  ON63 1998  -11.750    264
2  ON25 1998  -10.000    256
3  ON25 2000   -6.734    482
4  ON33 2001   -5.450    609
5  ON55 1999   -4.850    383
6  ON25 1999   -4.850    371
7  ON49 1999    4.500    380
8  ON55 2004   -4.500    944
9  ON55 2001   -4.250    614
10 ON41 2000   -3.907    485
11 ON55 2003    3.750    824
12 ON60 1999   -3.750    386
13 ON60 2000   -3.710    490
14 ON55 2000   -3.313    487
15 ON25 2001   -2.750    608
16 ON33 2004   -2.750    940
17 ON33 1999   -2.700    372
18 ON49 2001   -2.700    612
19 ON33 2009   -2.250   1514
20 ON55 2002   -2.000    717
[1] "print difference with expert "
   site year TRM_diff fileId
1  SU12 1998  -17.600    284
2  SU09 2002  -16.150    734
3  SU08 2002   10.600    733
4  SU16 1999   -9.800    408
5  SU06 2002    8.950    731
6  SU15 1998   -8.850    287
7  SU12 1999   -8.000    404
8  SU01 2004    7.000    955
9  SU03 1998   -6.550    274
10 SU05 2000    6.278    501
11 SU06 1998   -6.250    279
12 SU17 2003   -6.150    857
13 SU13 1998   -6.100    285
14 SU14 1998   -5.800    286
15 SU17 2004   -5.750    974
16 SU01 2011   -5.300   1753
17 SU17 2005   -5.000   1081
18 SU14 2000   -4.590    511
19 SU06 2000   -4.274    502
20 SU03 1999   -4.250    393
$ER
    Min.  1st Qu.   Median     Mean  3rd Qu.     Max.     NA's 
-3.50000 -0.50000 -0.08100 -0.04674  0.28750  4.75000      272 

$HU
   Min. 1st Qu.  Median    Mean 3rd Qu.    Max.    NA's 
-12.250  -2.750  -1.150  -1.466   0.500   4.700     195 

$MI
   Min. 1st Qu.  Median    Mean 3rd Qu.    Max.    NA's 
 -9.000  -3.038  -1.056  -1.267   0.250   7.350     262 

$ON
   Min. 1st Qu.  Median    Mean 3rd Qu.    Max.    NA's 
-11.750  -2.750  -1.000  -1.755  -0.250   4.500     159 

$SU
    Min.  1st Qu.   Median     Mean  3rd Qu.     Max.     NA's 
-17.6000  -2.4200  -0.4665  -1.0110   0.8125  10.6000      256 

[1] site        year        fileId      expert_TRM  TRM_diff    TRM_segment
<0 rows> (or 0-length row.names)
[1] "TRM"
# A tibble: 5 × 5
   lake totalN only_pred only_expert allExist
  <chr>  <int>     <int>       <int>    <int>
1    ER    352       206           0       80
2    HU    288       181           0       93
3    MI    336       248           0       74
4    ON    208       142           0       49
5    SU    368       244           0      112
$stats
       [,1]  [,2]   [,3]   [,4]    [,5]
[1,] -1.700 -6.75 -7.500 -5.450 -6.5500
[2,] -0.500 -2.75 -3.050 -2.750 -2.4545
[3,] -0.081 -1.15 -1.056 -1.000 -0.4665
[4,]  0.325  0.50  0.250 -0.250  0.8250
[5,]  1.017  4.70  4.550  1.114  3.5000

$n
[1]  80  93  74  49 112

$conf
            [,1]       [,2]       [,3]       [,4]        [,5]
[1,] -0.22673573 -1.6824747 -1.6621152 -1.5642857 -0.95611612
[2,]  0.06473573 -0.6175253 -0.4498848 -0.4357143  0.02311612

$out
 [1]  -2.713   2.750   2.250  -2.800   4.750  -2.607   3.500  -2.150  -2.000  -3.500   2.165   4.650 -10.500  -8.750 -12.250 -10.550  -7.659 -11.250  -9.000   7.350 -10.000  -6.734   4.500   3.750 -11.750
[26]   7.000   6.278   8.950  10.600 -16.150 -17.600  -8.000  -8.850  -9.800

$group
 [1] 1 1 1 1 1 1 1 1 1 1 1 1 2 2 2 2 2 2 3 3 4 4 4 4 4 5 5 5 5 5 5 5 5 5

$names
[1] "ER" "HU" "MI" "ON" "SU"

[1] "print difference with expert "
   site year UHY_diff fileId
1  ER15 2001   10.500    544
2  ER15 2010   10.200   1558
3  ER15 2000    9.871    417
4  ER15 1998   -8.000    190
5  ER15 2011    7.600   1668
6  ER63 2001    7.400    557
7  ER09 2001    4.000    542
8  ER73 2000    3.488    431
9  ER15 2003   -3.000    751
10 ER15 2007   -2.800   1212
11 ER38 2000    2.586    423
12 ER09 2002   -2.500    643
13 ER10 2002   -2.200    644
14 ER09 1998   -2.000    188
15 ER37 2000   -1.679    422
16 ER30 1998   -1.500    191
17 ER36 2000    1.500    421
18 ER38 1998   -1.500    196
19 ER63 1998   -1.500    204
20 ER78 2004    1.500    882
[1] "print difference with expert "
   site year UHY_diff fileId
1  HU93 1998     25.5    233
2  HU32 1998     25.2    222
3  HU15 1998     24.0    218
4  HU54 1998    -22.0    230
5  HU45 2011     17.7   1700
6  HU12 1998     17.5    217
7  HU32 2002    -17.5    670
8  HU15 2002     13.0    668
9  HU93 2001    -12.9    578
10 HU12 2002    -12.7    667
11 HU45 2010     12.3   1589
12 HU48 2002    -12.0    674
13 HU53 2001    -12.0    575
14 HU37 1998    -11.1    223
15 HU45 2003     11.0    781
16 HU48 1998    -10.2    227
17 HU15 2006     10.0   1121
18 HU45 2007      9.8   1242
19 HU15 2007      9.8   1236
20 HU27 2001      9.7    569
[1] "print difference with expert "
   site year UHY_diff fileId
1  MI41 2002   33.800    705
2  MI11 1998  -24.937    239
3  MI47 1998   21.300    253
4  MI41 2000  -20.631    470
5  MI40 2001  -19.000    595
6  MI34 2001  -18.500    594
7  MI27 2000   17.891    464
8  MI19 2000   17.666    462
9  MI18 2001   17.100    585
10 MI34 1998  -17.100    247
11 MI17 2000   16.987    459
12 MI18 2009  -16.600   1489
13 MI32 2000   15.951    467
14 MI41 2003  -13.500    806
15 MI23 2000   12.897    463
16 MI41 2007  -12.300   1268
17 MI41 2009  -10.500   1500
18 MI47 2001    9.500    600
19 MI23 2002   -8.200    689
20 MI11 2002   -8.100    684
[1] "print difference with expert "
   site year UHY_diff fileId
1  ON55 1998  -37.500    261
2  ON33 1998   24.500    257
3  ON63 2001   23.500    617
4  ON60 1998  -23.000    263
5  ON63 1999   21.500    387
6  ON55 2001   19.500    614
7  ON49 2002   18.700    716
8  ON60 2001   13.000    616
9  ON41 2000   12.818    485
10 ON55 1999   12.700    383
11 ON60 2002   10.500    719
12 ON33 2006   10.000   1197
13 ON55 2003   10.000    824
14 ON63 2002   10.000    720
15 ON55 2000    8.947    487
16 ON12 2002    8.500    711
17 ON41 1998    8.000    259
18 ON33 2001    7.500    609
19 ON55 2006    5.900   1201
20 ON25 2002    5.500    712
[1] "print difference with expert "
   site year UHY_diff fileId
1  SU08 2009  -39.000   1537
2  SU09 1998   33.400    281
3  SU12 2002   28.000    737
4  SU01 2001   22.500    622
5  SU17 2002   22.100    742
6  SU15 2000   21.627    512
7  SU16 2001   20.800    637
8  SU04 2001  -18.400    625
9  SU08 2001  -17.600    629
10 SU02 2001  -17.000    623
11 SU12 2001  -16.600    633
12 SU11 2002   15.900    736
13 SU17 2003  -15.000    857
14 SU19 2002   14.900    744
15 SU09 2001  -14.500    630
16 SU08 2002   14.400    733
17 SU07 2002   12.500    732
18 SU15 2002   12.400    740
19 SU01 2005   12.000   1064
20 SU04 2002   11.500    729
$ER
   Min. 1st Qu.  Median    Mean 3rd Qu.    Max.    NA's 
-8.0000 -0.9980  0.3000  0.8208  1.2220 10.5000     309 

$HU
    Min.  1st Qu.   Median     Mean  3rd Qu.     Max.     NA's 
-22.0000  -3.4500  -0.5000   0.6187   5.1000  25.5000      201 

$MI
    Min.  1st Qu.   Median     Mean  3rd Qu.     Max.     NA's 
-24.9400  -7.5000   0.4000  -0.1697   6.2000  33.8000      283 

$ON
   Min. 1st Qu.  Median    Mean 3rd Qu.    Max.    NA's 
-37.500  -0.950   3.500   3.968  10.000  24.500     165 

$SU
    Min.  1st Qu.   Median     Mean  3rd Qu.     Max.     NA's 
-39.0000  -6.0000  -0.2810   0.5687   6.0500  33.4000      284 

    site year fileId expert_UHY UHY_diff UHY_segment
68  ER31 2001    546       17.2       NA          NA
81  ER32 1998    193       21.4       NA          NA
84  ER32 2001    547       18.5       NA          NA
97  ER36 1998    194       17.0       NA          NA
113 ER37 1998    195       12.0       NA          NA
132 ER38 2001    550       15.0       NA          NA
145 ER42 1998    197       17.0       NA          NA
148 ER42 2001    551       16.6       NA          NA
273 ER78 1998    206       21.0       NA          NA
276 ER78 2001    559       16.5       NA          NA
[1] "UHY"
# A tibble: 5 × 5
   lake totalN only_pred only_expert allExist
  <chr>  <int>     <int>       <int>    <int>
1    ER    352       172          10       43
2    HU    288       182           0       87
3    MI    336       259           0       53
4    ON    208       128           0       43
5    SU    368       271           0       84
$stats
       [,1]   [,2]    [,3]  [,4]    [,5]
[1,] -3.000 -12.90 -24.937 -5.40 -18.400
[2,] -0.998  -3.45  -7.500 -0.95  -6.000
[3,]  0.300  -0.50   0.400  3.50  -0.281
[4,]  1.222   5.10   6.200 10.00   6.100
[5,]  4.000  17.70  21.300 24.50  22.500

$n
[1] 43 87 53 43 84

$conf
          [,1]       [,2]      [,3]      [,4]      [,5]
[1,] -0.234904 -1.9483168 -2.573307 0.8616222 -2.366945
[2,]  0.834904  0.9483168  3.373307 6.1383778  1.804945

$out
 [1]  -8.000   9.871  10.500  10.200   7.600   7.400  24.000  25.200 -17.500 -22.000  25.500  33.800 -37.500 -23.000 -39.000  33.400  28.000

$group
 [1] 1 1 1 1 1 1 2 2 2 2 2 3 4 4 5 5 5

$names
[1] "ER" "HU" "MI" "ON" "SU"

[1] "print difference with expert "
   site year LEP_diff fileId
1  ER10 2003   -12.25    750
2  ER37 2007    -9.05   1217
3  ER43 2007    -7.85   1220
4  ER31 2001    -7.55    546
5  ER43 2001    -7.05    552
6  ER36 2001    -6.25    548
7  ER32 2005    -5.75    988
8  ER63 2001    -5.45    557
9  ER32 2001    -5.35    547
10 ER10 1998    -4.75    189
11 ER10 2001    -4.75    543
12 ER42 2001    -4.75    551
13 ER63 2003    -4.75    764
14 ER15 2001    -4.25    544
15 ER78 2009    -4.25   1459
16 ER32 2007    -3.85   1215
17 ER30 2004    -3.25    868
18 ER15 1999     2.75    297
19 ER30 2001    -2.75    545
20 ER31 2005    -2.75    987
[1] "print difference with expert "
   site year LEP_diff fileId
1  HU12 2004   -9.750    889
2  HU27 2003   -8.750    776
3  HU37 2004   -6.750    895
4  HU15 2004   -6.250    890
5  HU48 1999   -5.750    333
6  HU37 2005    5.550   1012
7  HU09 2004   -4.750    888
8  HU53 2003   -4.250    783
9  HU38 1998    3.850    224
10 HU45 2004   -3.750    897
11 HU53 1998    3.650    229
12 HU09 1998    2.750    216
13 HU15 1998   -2.750    218
14 HU54 2008    2.750   1359
15 HU48 2000   -2.620    448
16 HU09 2000    2.573    437
17 HU54 2007    2.350   1246
18 HU12 1999    2.250    323
19 HU15 1999    2.250    324
20 HU15 2007    2.250   1236
[1] "print difference with expert "
   site year LEP_diff fileId
1  MI27 2004   -6.750    916
2  MI18 2005   -5.750   1028
3  MI18 1998    5.450    241
4  MI27 2003   -4.750    799
5  MI41 2011   -4.750   1726
6  MI34 2006   -4.650   1150
7  MI11 1999    3.750    344
8  MI17 1999    3.750    345
9  MI32 1998    3.750    246
10 MI41 1999    3.750    359
11 MI27 2001   -3.250    589
12 MI41 2001    3.250    596
13 MI34 2005    3.050   1036
14 MI18 1999    2.750    346
15 MI40 1999    2.750    356
16 MI11 1998    2.544    239
17 MI18 2006   -2.450   1141
18 MI23 1999    2.250    349
19 MI23 2004   -2.250    915
20 MI47 2003   -2.250    809
[1] "print difference with expert "
   site year LEP_diff fileId
1  ON63 2003   -9.250    826
2  ON25 2007   -4.350   1281
3  ON41 2005   -4.150   1053
4  ON33 2005   -4.050   1051
5  ON60 2003   -3.750    825
6  ON12 2000    3.716    481
7  ON63 2000    3.432    491
8  ON25 2006    3.250   1195
9  ON60 2007   -3.250   1289
10 ON60 2000    2.941    490
11 ON33 2001   -2.750    609
12 ON41 1998    2.750    259
13 ON55 2001   -2.750    614
14 ON55 2011   -2.750   1744
15 ON41 2000   -2.679    485
16 ON55 2003   -2.250    824
17 ON55 1999    1.950    383
18 ON63 1999    1.950    387
19 ON41 2007    1.850   1285
20 ON49 1999   -1.850    380
[1] "print difference with expert "
   site year LEP_diff fileId
1  SU06 2003    -6.75    844
2  SU05 1999    -5.75    395
3  SU09 2004     5.25    966
4  SU08 1998     4.75    293
5  SU11 2004    -4.75    968
6  SU14 2004     4.75    971
7  SU19 2007    -4.65   1318
8  SU01 2003    -4.25    839
9  SU08 2003    -4.25    847
10 SU10 1999    -4.25    401
11 SU15 1999    -4.25    407
12 SU16 2005    -4.25   1079
13 SU01 2004     3.75    955
14 SU02 1998     3.75    273
15 SU02 2004    -3.75    957
16 SU05 2004     3.75    961
17 SU12 1999    -3.75    404
18 SU01 2009    -3.65   1528
19 SU06 1998     3.35    279
20 SU08 2005    -3.25   1072
$ER
    Min.  1st Qu.   Median     Mean  3rd Qu.     Max.     NA's 
-12.2500  -0.7500   0.1500  -0.6742   0.5750   2.7500      212 

$HU
   Min. 1st Qu.  Median    Mean 3rd Qu.    Max.    NA's 
-9.7500 -0.7500  0.5500  0.1095  1.7460  5.5500     178 

$MI
   Min. 1st Qu.  Median    Mean 3rd Qu.    Max.    NA's 
-6.7500 -0.5500  0.2500  0.1528  1.2020  5.4500     253 

$ON
   Min. 1st Qu.  Median    Mean 3rd Qu.    Max.    NA's 
-9.2500 -1.2500  0.2500 -0.1969  1.4000  3.7160     149 

$SU
   Min. 1st Qu.  Median    Mean 3rd Qu.    Max.    NA's 
-6.7500 -0.3500  0.6500  0.3207  1.5500  5.2500     234 

     site year fileId expert_LEP LEP_diff LEP_segment
33   ER15 1998    190     20.000       NA          NA
44   ER15 2009   1444     12.400       NA          NA
65   ER31 1998    192     15.000       NA          NA
113  ER37 1998    195      7.000       NA          NA
178  ER58 1999    307      3.300       NA          NA
195  ER59 2000    427      3.276       NA          NA
211  ER60 2000    428      3.209       NA          NA
260  ER73 2001    558     15.000       NA          NA
306  ER92 1999    317      3.500       NA          NA
309  ER92 2002    662      4.000       NA          NA
374  HU09 2003    773      8.000       NA          NA
439  HU32 2004    893     13.000       NA          NA
470  HU38 2003    779      7.300       NA          NA
502  HU48 2003    782      6.000       NA          NA
504  HU48 2005   1016      6.500       NA          NA
536  HU54 2005   1018      9.200       NA          NA
683  MI18 2008   1370      9.000       NA          NA
686  MI18 2011   1715      9.300       NA          NA
777  MI32 2006   1149      7.100       NA          NA
826  MI41 2007   1268      8.900       NA          NA
977  ON12 1998    255     10.000       NA          NA
978  ON12 1999    370      6.000       NA          NA
993  ON25 1998    256     10.000       NA          NA
994  ON25 1999    371      4.800       NA          NA
998  ON25 2003    818      3.000       NA          NA
1010 ON33 1999    372     10.200       NA          NA
1014 ON33 2003    820      4.000       NA          NA
1198 SU01 2011   1753      9.100       NA          NA
1223 SU03 2004    958     12.000       NA          NA
1287 SU07 2004    963      6.000       NA          NA
1346 SU11 1999    402      5.000       NA          NA
1378 SU13 1999    405      8.000       NA          NA
1383 SU13 2004    970      5.000       NA          NA
1442 SU17 1999    409     12.000       NA          NA
1450 SU17 2007   1315      8.800       NA          NA
1458 SU18 1999    410      5.000       NA          NA
1479 SU19 2004    977      4.000       NA          NA
1481 SU19 2006   1185      7.000       NA          NA
[1] "LEP"
# A tibble: 5 × 5
   lake totalN only_pred only_expert allExist
  <chr>  <int>     <int>       <int>    <int>
1    ER    352       129          10      140
2    HU    288       149           6      110
3    MI    336       214           4       83
4    ON    208        97           7       59
5    SU    368       194          11      134
$stats
      [,1]  [,2]   [,3]   [,4]  [,5]
[1,] -2.75 -4.25 -2.450 -4.350 -2.75
[2,] -0.75 -0.75 -0.550 -1.250 -0.35
[3,]  0.15  0.55  0.250  0.250  0.65
[4,]  0.60  1.75  1.202  1.400  1.55
[5,]  2.15  3.85  3.750  3.716  3.75

$n
[1] 140 110  83  59 134

$conf
           [,1]      [,2]        [,3]      [,4]      [,5]
[1,] -0.0302714 0.1733823 -0.05384503 -0.295101 0.3906667
[2,]  0.3302714 0.9266177  0.55384503  0.795101 0.9093333

$out
 [1]  -4.750  -4.750 -12.250   2.750  -4.250   2.650  -3.250  -7.550  -5.350  -5.750  -3.850  -6.250  -9.050  -4.750  -7.050  -7.850  -5.450  -4.750   2.649  -4.250  -4.750  -9.750  -6.250  -8.750  -6.750
[26]   5.550  -5.750   5.450  -5.750  -3.250  -4.750  -6.750  -4.650  -4.750  -9.250  -4.250  -3.650  -3.750  -5.750  -6.750   4.750  -4.250  -3.250   5.250  -4.250  -4.750  -3.750   4.750  -4.250  -4.250
[51]  -4.650

$group
 [1] 1 1 1 1 1 1 1 1 1 1 1 1 1 1 1 1 1 1 1 1 2 2 2 2 2 2 2 3 3 3 3 3 3 3 4 5 5 5 5 5 5 5 5 5 5 5 5 5 5 5 5

$names
[1] "ER" "HU" "MI" "ON" "SU"

[1] "****************"
 TRM_diff_HMM_seg   LEP_diff_HMM_seg  UHY_diff_HMM_seg 
 Min.   :-28.7500   Min.   :-32.750   Min.   :-98.250  
 1st Qu.: -0.2500   1st Qu.: -4.750   1st Qu.:-12.000  
 Median :  0.0000   Median :  0.000   Median :  0.000  
 Mean   :  0.1215   Mean   : -2.936   Mean   : -4.193  
 3rd Qu.:  0.2500   3rd Qu.:  0.250   3rd Qu.:  2.500  
 Max.   : 39.0000   Max.   : 27.750   Max.   : 31.250  
 NA's   :151        NA's   :265       NA's   :242      
   fileId site year TRM_diff_HMM_seg
1     519 SU23 2000            39.00
2     413 SU22 1999            38.00
3    1544 SU15 2009           -28.75
4     961 SU05 2004            20.50
5    1439 SU23 2008           -19.75
6    1494 MI30 2009           -18.75
7    2012 SU21 2013           -18.50
8     778 HU37 2003           -17.75
9     907 HU96 2004            17.50
10    807 MI42 2003            17.00
11    731 SU06 2002            13.25
12    869 ER31 2004            12.75
13    614 ON55 2001           -12.75
14    466 MI30 2000           -12.25
15   1250 HU95 2007            11.75
16    569 HU27 2001            10.50
    fileId site year LEP_diff_HMM_seg
1      287 SU15 1998           -32.75
2      363 MI47 1999           -27.75
3     1544 SU15 2009            27.75
4      614 ON55 2001           -27.25
5      964 SU08 2004           -27.25
6      692 MI32 2002           -26.75
7     1722 MI32 2011           -24.50
8      743 SU18 2002           -23.75
9      413 SU22 1999            23.75
10    1433 SU17 2008           -23.50
11    1611 MI41 2010           -22.75
12     633 SU12 2001           -22.75
13    1141 MI18 2006           -22.50
14     972 SU15 2004           -22.50
15    1888 SU15 2012           -22.50
16     566 HU12 2001           -22.00
17    1308 SU10 2007           -22.00
18     404 SU12 1999           -21.50
19    1507 MI51 2009           -21.25
20     512 SU15 2000           -20.75
21     787 HU93 2003           -20.50
22    1171 SU07 2006           -20.25
23     611 ON41 2001           -20.00
24     401 SU10 1999           -20.00
25    1313 SU15 2007           -20.00
26     698 MI47 2002           -19.75
27    1971 ON12 2013           -19.75
28    1241 HU38 2007           -19.50
29     895 HU37 2004           -19.25
30    1990 SU03 2013           -19.25
31    1650 SU10 2010           -19.25
32     406 SU14 1999           -19.25
33    1655 SU15 2010           -19.25
34    1175 SU10 2006           -18.75
35    1266 MI34 2007           -18.50
36     845 SU07 2003           -18.50
37    1935 HU53 2013           -18.25
38    1380 MI41 2008           -18.25
39    1167 SU03 2006           -18.25
40    1654 SU14 2010           -18.25
41    1180 SU15 2006           -18.25
42     897 HU45 2004           -18.00
43    1150 MI34 2006           -18.00
44    1272 MI47 2007           -18.00
45    1300 SU03 2007           -18.00
46     594 MI34 2001           -17.75
47     806 MI41 2003           -17.75
48     939 ON25 2004           -17.75
49     609 ON33 2001           -17.75
50     393 SU03 1999           -17.75
51    1302 SU05 2007           -17.75
52    1133 HU61 2006           -17.50
53     737 SU12 2002           -17.25
54    2011 SU20 2013           -17.25
55    1973 ON33 2013           -17.00
56     942 ON41 2004           -17.00
57    1632 ON60 2010           -17.00
58     889 HU12 2004           -16.50
59    1698 HU38 2011           -16.50
60     968 SU11 2004           -16.25
61     776 HU27 2003           -16.00
62     944 ON55 2004           -16.00
63    1172 SU08 2006           -16.00
64    1539 SU10 2009           -16.00
65     826 ON63 2003           -15.75
66    1769 SU15 2011           -15.75
67     638 SU17 2001           -15.75
68    1967 MI51 2013           -15.50
69    1304 SU07 2007           -15.50
70    1356 HU45 2008           -15.25
71     813 MI51 2003           -15.25
72    1512 ON25 2009           -15.25
73     485 ON41 2000           -15.25
74    1989 SU02 2013           -15.25
75    1174 SU09 2006           -15.25
76     572 HU38 2001           -15.00
77    1267 MI40 2007           -15.00
78     807 MI42 2003            15.00
79     693 MI34 2002           -14.75
80     396 SU06 1999           -14.75
81     407 SU15 1999           -14.75
82    1186 SU20 2006           -14.75
83     890 HU15 2004           -14.50
84    1938 HU61 2013           -14.50
85    1955 MI32 2013           -14.50
86    1307 SU09 2007           -14.50
87     616 ON60 2001           -14.25
88    1866 ON65 2012            14.25
89     843 SU05 2003           -14.25
90    1425 SU10 2008           -14.25
91    1318 SU19 2007           -14.25
92    1496 MI32 2009           -14.00
93     824 ON55 2003           -14.00
94    1702 HU53 2011           -13.75
95     624 SU03 2001           -13.75
96    1644 SU05 2010           -13.75
97    1760 SU07 2011           -13.75
98    2009 SU18 2013           -13.75
99    1457 ER63 2009           -13.50
100   1755 SU02 2011           -13.50
    fileId site year UHY_diff_HMM_seg
1     1655 SU15 2010           -98.25
2      806 MI41 2003           -66.50
3     1380 MI41 2008           -63.75
4      744 SU19 2002           -62.25
5      633 SU12 2001           -54.25
6     1430 SU15 2008           -53.50
7     1433 SU17 2008           -53.25
8      692 MI32 2002           -51.75
9     1378 MI34 2008           -49.75
10     401 SU10 1999           -48.25
11    1611 MI41 2010           -48.00
12    1313 SU15 2007           -48.00
13    1379 MI40 2008           -46.50
14    1769 SU15 2011           -45.25
15    1540 SU11 2009           -44.50
16     363 MI47 1999           -44.25
17    1888 SU15 2012           -43.25
18    1994 SU07 2013           -42.75
19     400 SU09 1999           -42.25
20    1972 ON25 2013           -41.75
21    1307 SU09 2007           -41.00
22     594 MI34 2001           -40.75
23    1315 SU17 2007           -40.75
24    1072 SU08 2005           -40.00
25    1180 SU15 2006           -40.00
26    1760 SU07 2011           -39.50
27    1537 SU08 2009           -39.00
28    1549 SU19 2009           -38.00
29    1078 SU15 2005           -37.00
30     406 SU14 1999           -36.75
31    1958 MI41 2013           -36.50
32     630 SU09 2001           -36.50
33     287 SU15 1998           -36.50
34     631 SU10 2001           -36.00
35     939 ON25 2004           -35.75
36    1305 SU08 2007           -35.75
37    2004 SU15 2013           -35.75
38    1726 MI41 2011           -35.50
39     964 SU08 2004           -34.75
40     404 SU12 1999           -34.75
41     730 SU05 2002           -34.50
42    1973 ON33 2013           -34.00
43    2003 SU14 2013           -33.75
44     257 ON33 1998           -33.50
45    1512 ON25 2009           -33.25
46     372 ON33 1999           -32.50
47     614 ON55 2001           -32.25
48    1174 SU09 2006           -32.25
49     640 SU19 2001           -32.25
50     261 ON55 1998           -31.50
51     222 HU32 1998            31.25
52     818 ON25 2003           -31.25
53    2000 SU11 2013           -31.25
54     623 SU02 2001           -30.75
55     737 SU12 2002           -30.75
56    1498 MI40 2009           -30.50
57    1268 MI41 2007           -30.50
58     743 SU18 2002           -30.00
59     675 HU53 2002            29.75
60     622 SU01 2001            29.75
61    1303 SU06 2007           -29.75
62     845 SU07 2003           -29.50
63     972 SU15 2004           -29.50
64    1283 ON33 2007           -28.75
65    1400 ON60 2008           -28.75
66     402 SU11 1999           -28.75
67     233 HU93 1998            28.50
68    1392 ON12 2008           -28.50
69     728 SU03 2002           -28.50
70    1722 MI32 2011           -28.25
71    1971 ON12 2013           -28.25
72    1170 SU06 2006           -28.00
73    1879 SU08 2012           -28.00
74     474 MI47 2000           -27.50
75     971 SU14 2004           -27.25
76    1717 MI23 2011            27.00
77    1152 MI41 2006           -27.00
78    1998 SU09 2013           -27.00
79    1698 HU38 2011           -26.75
80     512 SU15 2000           -26.75
81     516 SU19 2000           -26.75
82     632 SU11 2001           -26.25
83     736 SU11 2002           -26.25
84     976 SU18 2004           -26.25
85    1734 MI52 2011            26.00
86     933 MI53 2004            26.00
87    1290 ON63 2007            26.00
88    1654 SU14 2010           -26.00
89     857 SU17 2003           -26.00
90     218 HU15 1998            25.75
91    1029 MI19 2005           -25.75
92    1393 ON25 2008           -25.75
93     393 SU03 1999           -25.75
94    1308 SU10 2007           -25.75
95     359 MI41 1999           -25.50
96     698 MI47 2002           -25.50
97     932 MI52 2004            25.50
98    1075 SU12 2005           -25.50
99     739 SU14 2002           -25.25
100    896 HU38 2004           -25.00
[1] "****************"
[1] "Doing DCL algorithm"
[1] "****************"
[1] "*******"
[1] "ER"
[1] "*******"
[1] "good fit ratio 0.21875"
 DCL_upperSize    DCL_bottomSize   DCL_sizeRatio         DCL_size     
 Min.   : 0.000   Min.   : 0.750   Min.   :-1.93676   Min.   : 2.250  
 1st Qu.: 1.500   1st Qu.: 2.500   1st Qu.:-0.62776   1st Qu.: 4.500  
 Median : 2.250   Median : 4.000   Median :-0.03374   Median : 6.750  
 Mean   : 2.906   Mean   : 5.328   Mean   : 0.06728   Mean   : 8.234  
 3rd Qu.: 3.750   3rd Qu.: 6.750   3rd Qu.: 0.72476   3rd Qu.: 9.750  
 Max.   :14.750   Max.   :18.250   Max.   : 1.99214   Max.   :25.750  
[1] "peak size"
   year site DCL_size DCL_upperSize DCL_bottomSize DCL_depth DCL_upperDepth_fit DCL_bottomDepth_fit fileId
1  2012 ER09    25.75         14.75          11.00     18.00               3.25               29.00   1780
2  2001 ER93    23.25          5.00          18.25     13.75               8.75               32.00    562
3  2001 ER63    21.50         11.75           9.75     24.00              12.25               33.75    557
4  2001 ER09    17.25          8.25           9.00     20.75              12.50               29.75    542
5  2005 ER09    17.00          2.00          15.00     18.75              16.75               33.75    982
6  2001 ER15    16.75          6.00          10.75     20.50              14.50               31.25    544
7  2000 ER63    16.25          0.25          16.00     12.50              12.25               28.50    430
8  2011 ER93    16.00          1.25          14.75     13.50              12.25               28.25   1687
9  1999 ER10    15.50          5.50          10.00     19.75              14.25               29.75    296
10 2000 ER15    14.00          2.00          12.00     14.25              12.25               26.25    417
[1] "*******"
[1] "HU"
[1] "*******"
[1] "good fit ratio 0.475694444444444"
 DCL_upperSize   DCL_bottomSize  DCL_sizeRatio          DCL_size    
 Min.   : 1.50   Min.   : 1.00   Min.   :-1.346562   Min.   : 2.50  
 1st Qu.: 9.50   1st Qu.: 9.50   1st Qu.:-0.409966   1st Qu.:21.75  
 Median :13.50   Median :14.00   Median :-0.013798   Median :30.00  
 Mean   :14.92   Mean   :16.28   Mean   : 0.007503   Mean   :31.20  
 3rd Qu.:19.50   3rd Qu.:20.50   3rd Qu.: 0.537694   3rd Qu.:38.50  
 Max.   :36.75   Max.   :76.50   Max.   : 1.651349   Max.   :90.75  
[1] "peak size"
   year site DCL_size DCL_upperSize DCL_bottomSize DCL_depth DCL_upperDepth_fit DCL_bottomDepth_fit fileId
1  2013 HU54    90.75         14.25          76.50     22.00               7.75               98.50   1936
2  2009 HU45    62.50         16.75          45.75     38.00              21.25               83.75   1475
3  1999 HU48    61.50         24.50          37.00     41.00              16.50               78.00    333
4  2011 HU54    60.00         23.75          36.25     32.00               8.25               68.25   1704
5  2013 HU61    59.25         11.50          47.75     18.25               6.75               66.00   1938
6  2006 HU53    58.25         36.75          21.50     44.50               7.75               66.00   1130
7  1998 HU61    56.00         10.75          45.25     24.50              13.75               69.75    232
8  2001 HU54    55.75         35.75          20.00     47.75              12.00               67.75    576
9  2007 HU54    52.75         28.00          24.75     39.75              11.75               64.50   1246
10 2003 HU37    52.00         31.50          20.50     35.25               3.75               55.75    778
[1] "*******"
[1] "MI"
[1] "*******"
[1] "good fit ratio 0.56547619047619"
 DCL_upperSize   DCL_bottomSize  DCL_sizeRatio        DCL_size    
 Min.   : 0.75   Min.   : 2.50   Min.   :-1.7591   Min.   : 4.75  
 1st Qu.: 7.00   1st Qu.:11.00   1st Qu.:-0.7895   1st Qu.:22.31  
 Median :10.50   Median :14.88   Median :-0.1795   Median :27.12  
 Mean   :12.37   Mean   :17.73   Mean   :-0.1935   Mean   :30.11  
 3rd Qu.:16.44   3rd Qu.:22.00   3rd Qu.: 0.3253   3rd Qu.:36.44  
 Max.   :42.00   Max.   :57.50   Max.   : 1.9351   Max.   :76.75  
[1] "peak size"
   year site DCL_size DCL_upperSize DCL_bottomSize DCL_depth DCL_upperDepth_fit DCL_bottomDepth_fit fileId
1  2013 MI34    76.75         35.00          41.75     48.25              13.25               90.00   1956
2  2001 MI40    69.50         37.50          32.00     55.00              17.50               87.00    595
3  2011 MI51    68.50         14.25          54.25     26.00              11.75               80.25   1733
4  2002 MI41    67.00         13.25          53.75     22.50               9.25               76.25    705
5  2013 MI32    65.50         10.50          55.00     27.75              17.25               82.75   1955
6  2011 MI11    61.25         29.25          32.00     37.50               8.25               69.50   1711
7  2013 MI27    59.25         42.00          17.25     53.50              11.50               70.75   1950
8  1999 MI40    58.75          4.25          54.50     19.00              14.75               73.50    356
9  2013 MI40    58.75         10.25          48.50     32.75              22.50               81.25   1957
10 1999 MI41    58.75          1.25          57.50     21.00              19.75               78.50    359
[1] "*******"
[1] "ON"
[1] "*******"
[1] "good fit ratio 0.533653846153846"
 DCL_upperSize    DCL_bottomSize   DCL_sizeRatio        DCL_size    
 Min.   : 1.000   Min.   : 2.750   Min.   :-1.7975   Min.   : 5.75  
 1st Qu.: 3.500   1st Qu.: 7.875   1st Qu.:-1.0441   1st Qu.:13.62  
 Median : 5.250   Median :12.500   Median :-0.5873   Median :18.50  
 Mean   : 6.126   Mean   :13.239   Mean   :-0.5586   Mean   :19.36  
 3rd Qu.: 7.500   3rd Qu.:16.375   3rd Qu.:-0.1765   3rd Qu.:23.00  
 Max.   :16.000   Max.   :42.500   Max.   : 1.7626   Max.   :50.00  
[1] "peak size"
   year site DCL_size DCL_upperSize DCL_bottomSize DCL_depth DCL_upperDepth_fit DCL_bottomDepth_fit fileId
1  2001 ON60    50.00         14.50          35.50     21.25               6.75               56.75    616
2  2003 ON67    44.50          2.00          42.50      5.25               3.25               47.75    829
3  2011 ON60    43.25          9.00          34.25     27.25              18.25               61.50   1745
4  1998 ON41    39.25          8.25          31.00     16.25               8.00               47.25    259
5  2006 ON67    35.50          5.25          30.25      9.25               4.00               39.50   1207
6  2005 ON55    33.75          1.50          32.25     14.25              12.75               46.50   1055
7  2003 ON63    33.50          5.50          28.00     20.50              15.00               48.50    826
8  2000 ON33    32.50          8.50          24.00     19.75              11.25               43.75    483
9  2000 ON12    31.50         16.00          15.50     25.75               9.75               41.25    481
10 2006 ON12    30.75         11.75          19.00     19.50               7.75               38.50   1193
[1] "*******"
[1] "SU"
[1] "*******"
[1] "good fit ratio 0.828804347826087"
 DCL_upperSize   DCL_bottomSize  DCL_sizeRatio        DCL_size    
 Min.   : 0.50   Min.   : 5.50   Min.   :-1.8351   Min.   :12.25  
 1st Qu.:11.75   1st Qu.:17.25   1st Qu.:-0.7146   1st Qu.:33.50  
 Median :15.75   Median :22.75   Median :-0.2275   Median :40.00  
 Mean   :16.08   Mean   :24.68   Mean   :-0.2212   Mean   :40.77  
 3rd Qu.:20.75   3rd Qu.:30.00   3rd Qu.: 0.2172   3rd Qu.:47.00  
 Max.   :41.00   Max.   :62.25   Max.   : 1.9961   Max.   :75.00  
[1] "peak size"
   year site DCL_size DCL_upperSize DCL_bottomSize DCL_depth DCL_upperDepth_fit DCL_bottomDepth_fit fileId
1  2008 SU09    75.00         18.75          56.25     28.50               9.75               84.75   1424
2  2010 SU05    72.00         12.50          59.50     24.25              11.75               83.75   1644
3  2008 SU08    71.75          9.50          62.25     33.50              24.00               95.75   1423
4  1998 SU15    68.50         28.50          40.00     37.75               9.25               77.75    287
5  2001 SU05    68.25         26.50          41.75     29.75               3.25               71.50    626
6  2004 SU03    65.75         21.75          44.00     25.00               3.25               69.00    958
7  2001 SU01    65.25         37.00          28.25     45.25               8.25               73.50    622
8  2012 SU21    63.25         10.75          52.50     39.50              28.75               92.00   1896
9  1999 SU06    62.50         11.00          51.50     33.75              22.75               85.25    396
10 2001 SU07    62.50         41.00          21.50     52.25              11.25               73.75    628
[1] "all data"
 DCL_upperSize   DCL_bottomSize  DCL_sizeRatio        DCL_size    
 Min.   : 0.00   Min.   : 0.75   Min.   :-1.9368   Min.   : 2.25  
 1st Qu.: 6.00   1st Qu.:10.25   1st Qu.:-0.7565   1st Qu.:19.50  
 Median :11.62   Median :16.50   Median :-0.2277   Median :30.50  
 Mean   :12.44   Mean   :18.30   Mean   :-0.1951   Mean   :30.75  
 3rd Qu.:17.75   3rd Qu.:24.00   3rd Qu.: 0.2993   3rd Qu.:40.75  
 Max.   :42.00   Max.   :76.50   Max.   : 1.9961   Max.   :90.75  
[1] "peak size"
   year site DCL_size DCL_upperSize DCL_bottomSize DCL_depth DCL_upperDepth_fit DCL_bottomDepth_fit fileId
1  2013 HU54    90.75         14.25          76.50     22.00               7.75               98.50   1936
2  2013 MI34    76.75         35.00          41.75     48.25              13.25               90.00   1956
3  2008 SU09    75.00         18.75          56.25     28.50               9.75               84.75   1424
4  2010 SU05    72.00         12.50          59.50     24.25              11.75               83.75   1644
5  2008 SU08    71.75          9.50          62.25     33.50              24.00               95.75   1423
6  2001 MI40    69.50         37.50          32.00     55.00              17.50               87.00    595
7  2011 MI51    68.50         14.25          54.25     26.00              11.75               80.25   1733
8  1998 SU15    68.50         28.50          40.00     37.75               9.25               77.75    287
9  2001 SU05    68.25         26.50          41.75     29.75               3.25               71.50    626
10 2002 MI41    67.00         13.25          53.75     22.50               9.25               76.25    705
$stats
      [,1]  [,2]   [,3]   [,4]  [,5]
[1,]  2.25  2.50  4.750  5.750 18.25
[2,]  4.50 21.75 22.250 13.625 33.50
[3,]  6.75 30.00 27.125 18.500 40.00
[4,]  9.75 38.50 36.500 23.000 47.00
[5,] 17.25 62.50 57.750 35.500 65.75

$n
[1]  77 137 190 111 305

$conf
         [,1]     [,2]     [,3]     [,4]     [,5]
[1,] 5.804697 27.73894 25.49159 17.09406 38.77865
[2,] 7.695303 32.26106 28.75841 19.90594 41.22135

$out
 [1] 25.75 21.50 23.25 90.75 61.25 59.25 65.50 76.75 58.75 69.50 58.75 58.75 67.00 68.50 39.25 50.00 43.25 44.50 68.25 72.00 71.75 75.00 68.50 12.25

$group
 [1] 1 1 1 2 3 3 3 3 3 3 3 3 3 3 4 4 4 4 5 5 5 5 5 5

$names
[1] "ER" "HU" "MI" "ON" "SU"

[1] "sizeRatio descrease"
   year site DCL_sizeRatio DCL_upperSize DCL_bottomSize DCL_depth DCL_upperDepth_fit DCL_bottomDepth_fit fileId
1  2011 SU19      1.996083         17.50          10.25     21.75               4.25               32.00   1774
2  2008 ER78      1.992140          1.00           2.00     16.25              15.25               18.25   1340
3  2005 ER42      1.991505          0.00           4.00     13.75              13.75               17.75    992
4  1999 ER31      1.983088          1.00           4.25     15.75              14.75               20.00    300
5  2011 ER10      1.975763          2.00           4.75     15.75              13.75               20.50   1667
6  2010 ER31      1.966397          0.00           4.25     16.75              16.75               21.00   1560
7  2012 MI42      1.935107         21.50          17.00     24.75               3.25               41.75   1844
8  2002 SU21      1.876580         34.75           6.75     54.50              19.75               61.25    746
9  2010 ER30      1.840471          3.50           2.00     13.25               9.75               15.25   1559
10 2010 ER37      1.766272          0.75           2.25     18.50              17.75               20.75   1563
11 2006 ON12      1.762593         11.75          19.00     19.50               7.75               38.50   1193
12 2000 HU09      1.651349         27.25           2.75     43.00              15.75               45.75    437
13 2003 MI49      1.591952          1.75           8.50     10.50               8.75               19.00    811
14 1998 SU15      1.571353         28.50          40.00     37.75               9.25               77.75    287
15 2001 MI52      1.482823         12.75           7.00     29.50              16.75               36.50    605
16 2008 SU17      1.459844         25.75           6.00     36.50              10.75               42.50   1433
17 2003 HU27      1.449943         15.75           2.50     34.75              19.00               37.25    776
18 2011 HU96      1.448146         32.00           6.00     35.25               3.25               41.25   1708
19 2003 ER61      1.437026          2.25           1.25      5.50               3.25                6.75    763
20 2004 HU27      1.393473         18.25           3.25     37.75              19.50               41.00    892
[1] "sizeRatio increase"
   year site DCL_sizeRatio DCL_upperSize DCL_bottomSize DCL_depth DCL_upperDepth_fit DCL_bottomDepth_fit fileId
1  1998 ER31     -1.936755          6.00           4.75     15.25               9.25               20.00    192
2  2013 ER36     -1.863053          0.00           4.75     16.75              16.75               21.50   1906
3  2008 SU11     -1.835088          1.75          47.25     12.50              10.75               59.75   1426
4  2005 ON55     -1.797455          1.50          32.25     14.25              12.75               46.50   1055
5  2004 SU15     -1.781461          3.25          56.25      9.00               5.75               65.25    972
6  2003 ON67     -1.774181          2.00          42.50      5.25               3.25               47.75    829
7  1999 MI51     -1.759064          3.00          46.00     11.00               8.00               57.00    367
8  2010 ON69     -1.745044          7.00           3.25     10.25               3.25               13.50   1638
9  2001 SU13     -1.718816          3.25          42.25     13.50              10.25               55.75    634
10 2002 SU20     -1.710748          4.00          50.00     11.75               7.75               61.75    745
11 2008 SU22     -1.689882          2.00          21.00     15.00              13.00               36.00   1438
12 1999 MI47     -1.637612          5.25          51.00     16.25              11.00               67.25    363
13 2004 ON41     -1.609257          2.75          23.50     20.50              17.75               44.00    942
14 2009 ON68     -1.595235          2.25          18.75      9.75               7.50               28.50   1524
15 2000 SU13     -1.566709          3.75          29.00     15.50              11.75               44.50    510
16 1999 SU12     -1.549634          5.50          43.25     18.75              13.25               62.00    404
17 2008 SU08     -1.475883          9.50          62.25     33.50              24.00               95.75   1423
18 1999 SU15     -1.450621          5.00          31.00     19.50              14.50               50.50    407
19 2005 SU19     -1.450290          0.50          30.50      8.75               8.25               39.25   1085
20 2008 SU06     -1.443313          4.00          23.50     20.25              16.25               43.75   1420
[1] "sizeRatio middle"
     year site DCL_sizeRatio DCL_upperSize DCL_bottomSize DCL_depth DCL_upperDepth_fit DCL_bottomDepth_fit fileId
57   2006 ER30  -0.033738845          0.50           7.00     11.25              10.75               18.25   1095
140  2009 ER38  -0.038071904          2.75           2.75     11.25               8.50               14.00   1450
174  2011 ER43  -0.033321697          2.00           2.00     15.50              13.50               17.50   1677
334  2011 ER93  -0.006737517          1.25          14.75     13.50              12.25               28.25   1687
387  2000 HU12   0.003450122         10.75          10.75     41.00              30.25               51.75    438
388  2001 HU12   0.008956630          9.50           9.50     44.50              35.00               54.00    566
437  2002 HU32  -0.048556135         10.75          11.25     49.00              38.25               60.25    670
481  1998 HU45  -0.013798278         12.00          12.25     34.00              22.00               46.25    225
489  2006 HU45  -0.021798997         13.50          13.75     37.75              24.25               51.50   1127
672  2013 MI17  -0.035071221         11.75          12.25     43.50              31.75               55.75   1945
681  2006 MI18  -0.008242911         20.00          20.00     30.75              10.75               50.75   1141
729  2006 MI27  -0.011948163         16.25          16.50     30.50              14.25               47.00   1145
731  2008 MI27  -0.031328032         13.00          13.25     35.00              22.00               48.25   1373
741  2002 MI30  -0.013223696         11.50          11.75     19.25               7.75               31.00    691
743  2004 MI30   0.012816102          8.00          11.25     16.75               8.75               28.00    918
751  2012 MI30  -0.023603532          1.75           3.00     15.00              13.25               18.00   1837
839  2004 MI42  -0.002446212          6.25          12.75      9.50               3.25               22.25    925
1038 2011 ON41  -0.017931715          7.50           7.50     16.50               9.00               24.00   1741
1039 2012 ON41   0.014856421          7.75           7.75     23.00              15.25               30.75   1859
1198 2011 SU01  -0.025610887         17.75          18.25     23.50               5.75               41.75   1753
[1] "****************"
[1] "Doing TRM analysis"
[1] "*******"
[1] "ER"
[1] "*******"
 TRM_num_segment  TRM2UHY_segNum 
 Min.   : 2.000   Min.   :0.000  
 1st Qu.: 3.000   1st Qu.:1.000  
 Median : 5.000   Median :2.000  
 Mean   : 5.191   Mean   :1.912  
 3rd Qu.: 6.000   3rd Qu.:3.000  
 Max.   :10.000   Max.   :6.000  
 NA's   :22       NA's   :22     
   site year doubleTRM fileId
1  ER93 2013         2   1920
2  ER09 2009         1   1441
3  ER32 2005         1    988
4  ER36 2005         1    989
5  ER42 2001         1    551
6  ER43 2004         1    875
7  ER58 2001         1    553
8  ER63 2007         1   1225
9  ER63 2009         1   1457
10 ER78 2009         1   1459
   site year positiveGradient fileId
1  ER58 2008                2   1334
2  ER09 2012                1   1780
3  ER10 2012                1   1781
4  ER30 2013                1   1903
5  ER31 2003                1    753
6  ER32 2006                1   1097
7  ER37 2003                1    756
8  ER42 2002                1    652
9  ER42 2004                1    874
10 ER43 2004                1    875
11 ER43 2010                1   1566
12 ER59 2002                1    655
13 ER59 2006                1   1105
14 ER60 2002                1    656
15 ER60 2009                1   1455
16 ER60 2010                1   1569
17 ER60 2013                1   1913
18 ER61 2001                1    556
19 ER61 2007                1   1224
20 ER61 2012                1   1795
21 ER73 2008                1   1339
22 ER91 2013                1   1918
23 ER92 2009                1   1461
24 ER93 1998                1    209
25 ER93 2009                1   1462
26 ER93 2012                1   1803
27 ER95 2008                1   1344
28 ER95 2011                1   1688
[1] "*******"
[1] "HU"
[1] "*******"
 TRM_num_segment  TRM2UHY_segNum 
 Min.   : 3.000   Min.   :0.000  
 1st Qu.: 7.000   1st Qu.:3.000  
 Median : 8.000   Median :4.000  
 Mean   : 7.583   Mean   :4.156  
 3rd Qu.: 8.000   3rd Qu.:5.000  
 Max.   :35.000   Max.   :8.000  
 NA's   :12       NA's   :12     
  site year doubleTRM fileId
1 HU54 2005         2   1018
2 HU27 2001         1    569
3 HU27 2006         1   1123
4 HU48 2001         1    574
5 HU53 2011         1   1702
6 HU96 2004         1    907
7 HU96 2009         1   1483
   site year positiveGradient fileId
1  HU61 2010               15   1594
2  HU27 2003                1    776
3  HU32 2004                1    893
4  HU37 2004                1    895
5  HU37 2006                1   1125
6  HU37 2011                1   1697
7  HU38 2003                1    779
8  HU38 2006                1   1126
9  HU38 2009                1   1473
10 HU48 2010                1   1590
11 HU48 2012                1   1817
12 HU53 2009                1   1477
13 HU54 2000                1    450
14 HU54 2005                1   1018
15 HU96 2007                1   1251
16 HU96 2011                1   1708
17 HU98 1998                1    214
[1] "*******"
[1] "MI"
[1] "*******"
 TRM_num_segment  TRM2UHY_segNum 
 Min.   : 4.000   Min.   :1.000  
 1st Qu.: 7.000   1st Qu.:4.000  
 Median : 8.000   Median :4.000  
 Mean   : 7.783   Mean   :4.342  
 3rd Qu.: 9.000   3rd Qu.:5.000  
 Max.   :11.000   Max.   :8.000  
 NA's   :14       NA's   :14     
   site year doubleTRM fileId
1  MI42 2006         2   1154
2  MI17 2008         1   1368
3  MI18 2003         1    795
4  MI23 2007         1   1260
5  MI30 2000         1    466
6  MI30 2006         1   1147
7  MI30 2009         1   1494
8  MI31 2001         1    592
9  MI32 2005         1   1035
10 MI34 2001         1    594
11 MI34 2006         1   1150
12 MI40 1999         1    356
13 MI42 2002         1    706
14 MI42 2003         1    807
15 MI42 2004         1    925
16 MI42 2007         1   1270
17 MI42 2010         1   1613
18 MI46 2000         1    473
19 MI46 2001         1    599
20 MI46 2004         1    926
21 MI47 2003         1    809
22 MI47 2008         1   1384
23 MI48 2003         1    810
24 MI48 2007         1   1273
25 MI49 2003         1    811
26 MI49 2004         1    929
27 MI49 2005         1   1044
28 MI51 2000         1    478
29 MI51 2009         1   1507
30 MI52 1999         1    368
31 MI52 2008         1   1389
32 MI52 2009         1   1508
33 MI53 2001         1    606
34 MI53 2009         1   1509
  site year positiveGradient fileId
1 MI17 2009                1   1487
2 MI30 2001                1    591
3 MI30 2007                1   1263
4 MI30 2013                1   1952
5 MI42 2007                1   1270
6 MI49 2007                1   1274
7 MI50 2007                1   1275
8 MI52 2005                1   1047
[1] "*******"
[1] "ON"
[1] "*******"
 TRM_num_segment  TRM2UHY_segNum 
 Min.   : 2.000   Min.   :0.000  
 1st Qu.: 7.000   1st Qu.:4.000  
 Median : 8.000   Median :5.000  
 Mean   : 7.631   Mean   :4.328  
 3rd Qu.: 9.000   3rd Qu.:5.000  
 Max.   :13.000   Max.   :8.000  
 NA's   :13       NA's   :13     
   site year doubleTRM fileId
1  ON68 2010         2   1637
2  ON12 2007         1   1280
3  ON25 2010         1   1624
4  ON33 2005         1   1051
5  ON41 2006         1   1199
6  ON41 2010         1   1628
7  ON63 2007         1   1290
8  ON67 2013         1   1983
9  ON68 2005         1   1062
10 ON68 2008         1   1404
11 ON69 2000         1    496
  site year positiveGradient fileId
1 ON33 2012                3   1856
2 ON12 2007                1   1280
3 ON41 2005                1   1053
4 ON64 2011                1   1747
5 ON65 2006                1   1206
6 ON65 2013                1   1982
7 ON67 2007                1   1293
8 ON69 2010                1   1638
9 ON69 2011                1   1751
[1] "*******"
[1] "SU"
[1] "*******"
 TRM_num_segment  TRM2UHY_segNum 
 Min.   : 3.000   Min.   :0.000  
 1st Qu.: 6.000   1st Qu.:3.000  
 Median : 7.000   Median :4.000  
 Mean   : 7.006   Mean   :3.911  
 3rd Qu.: 8.000   3rd Qu.:4.000  
 Max.   :12.000   Max.   :9.000  
 NA's   :10       NA's   :10     
   site year doubleTRM fileId
1  SU22 2006         2   1188
2  SU23 2000         2    519
3  SU23 2004         2    981
4  SU01 2001         1    622
5  SU01 2010         1   1640
6  SU03 2002         1    728
7  SU03 2011         1   1756
8  SU04 1998         1    277
9  SU04 2008         1   1418
10 SU04 2013         1   1991
11 SU05 2004         1    961
12 SU05 2006         1   1169
13 SU06 1999         1    396
14 SU07 2003         1    845
15 SU07 2007         1   1304
16 SU09 2004         1    966
17 SU10 2009         1   1539
18 SU10 2011         1   1764
19 SU12 2002         1    737
20 SU13 2013         1   2002
21 SU14 1999         1    406
22 SU14 2001         1    635
23 SU14 2010         1   1654
24 SU15 2004         1    972
25 SU15 2009         1   1544
26 SU15 2013         1   2004
27 SU16 2003         1    855
28 SU16 2006         1   1181
29 SU17 2003         1    857
30 SU18 2001         1    639
31 SU18 2007         1   1317
32 SU19 2010         1   1660
33 SU20 2009         1   1550
34 SU20 2010         1   1661
35 SU22 1999         1    413
36 SU22 2013         1   2013
37 SU23 2008         1   1439
38 SU23 2011         1   1778
39 SU23 2012         1   1898
   site year positiveGradient fileId
1  SU09 1998                3    281
2  SU19 2013                2   2010
3  SU04 2006                1   1168
4  SU05 2001                1    626
5  SU05 2003                1    843
6  SU06 2001                1    627
7  SU06 2012                1   1877
8  SU10 2007                1   1308
9  SU14 2010                1   1654
10 SU16 2008                1   1431
11 SU18 2003                1    858
12 SU20 2003                1    860
13 SU20 2010                1   1661
14 SU21 2006                1   1187
15 SU22 2008                1   1438
[1] "All data"
 TRM_num_segment TRM2UHY_segNum
 Min.   : 2.00   Min.   :0.00  
 1st Qu.: 6.00   1st Qu.:3.00  
 Median : 7.00   Median :4.00  
 Mean   : 6.96   Mean   :3.66  
 3rd Qu.: 8.00   3rd Qu.:5.00  
 Max.   :35.00   Max.   :9.00  
 NA's   :71      NA's   :71    
    site year doubleTRM fileId
1   ER93 2013         2   1920
2   HU54 2005         2   1018
3   MI42 2006         2   1154
4   ON68 2010         2   1637
5   SU22 2006         2   1188
6   SU23 2000         2    519
7   SU23 2004         2    981
8   ER09 2009         1   1441
9   ER32 2005         1    988
10  ER36 2005         1    989
11  ER42 2001         1    551
12  ER43 2004         1    875
13  ER58 2001         1    553
14  ER63 2007         1   1225
15  ER63 2009         1   1457
16  ER78 2009         1   1459
17  HU27 2001         1    569
18  HU27 2006         1   1123
19  HU48 2001         1    574
20  HU53 2011         1   1702
21  HU96 2004         1    907
22  HU96 2009         1   1483
23  MI17 2008         1   1368
24  MI18 2003         1    795
25  MI23 2007         1   1260
26  MI30 2000         1    466
27  MI30 2006         1   1147
28  MI30 2009         1   1494
29  MI31 2001         1    592
30  MI32 2005         1   1035
31  MI34 2001         1    594
32  MI34 2006         1   1150
33  MI40 1999         1    356
34  MI42 2002         1    706
35  MI42 2003         1    807
36  MI42 2004         1    925
37  MI42 2007         1   1270
38  MI42 2010         1   1613
39  MI46 2000         1    473
40  MI46 2001         1    599
41  MI46 2004         1    926
42  MI47 2003         1    809
43  MI47 2008         1   1384
44  MI48 2003         1    810
45  MI48 2007         1   1273
46  MI49 2003         1    811
47  MI49 2004         1    929
48  MI49 2005         1   1044
49  MI51 2000         1    478
50  MI51 2009         1   1507
51  MI52 1999         1    368
52  MI52 2008         1   1389
53  MI52 2009         1   1508
54  MI53 2001         1    606
55  MI53 2009         1   1509
56  ON12 2007         1   1280
57  ON25 2010         1   1624
58  ON33 2005         1   1051
59  ON41 2006         1   1199
60  ON41 2010         1   1628
61  ON63 2007         1   1290
62  ON67 2013         1   1983
63  ON68 2005         1   1062
64  ON68 2008         1   1404
65  ON69 2000         1    496
66  SU01 2001         1    622
67  SU01 2010         1   1640
68  SU03 2002         1    728
69  SU03 2011         1   1756
70  SU04 1998         1    277
71  SU04 2008         1   1418
72  SU04 2013         1   1991
73  SU05 2004         1    961
74  SU05 2006         1   1169
75  SU06 1999         1    396
76  SU07 2003         1    845
77  SU07 2007         1   1304
78  SU09 2004         1    966
79  SU10 2009         1   1539
80  SU10 2011         1   1764
81  SU12 2002         1    737
82  SU13 2013         1   2002
83  SU14 1999         1    406
84  SU14 2001         1    635
85  SU14 2010         1   1654
86  SU15 2004         1    972
87  SU15 2009         1   1544
88  SU15 2013         1   2004
89  SU16 2003         1    855
90  SU16 2006         1   1181
91  SU17 2003         1    857
92  SU18 2001         1    639
93  SU18 2007         1   1317
94  SU19 2010         1   1660
95  SU20 2009         1   1550
96  SU20 2010         1   1661
97  SU22 1999         1    413
98  SU22 2013         1   2013
99  SU23 2008         1   1439
100 SU23 2011         1   1778
101 SU23 2012         1   1898
   site year positiveGradient fileId
1  HU61 2010               15   1594
2  ON33 2012                3   1856
3  SU09 1998                3    281
4  ER58 2008                2   1334
5  SU19 2013                2   2010
6  ER09 2012                1   1780
7  ER10 2012                1   1781
8  ER30 2013                1   1903
9  ER31 2003                1    753
10 ER32 2006                1   1097
11 ER37 2003                1    756
12 ER42 2002                1    652
13 ER42 2004                1    874
14 ER43 2004                1    875
15 ER43 2010                1   1566
16 ER59 2002                1    655
17 ER59 2006                1   1105
18 ER60 2002                1    656
19 ER60 2009                1   1455
20 ER60 2010                1   1569
21 ER60 2013                1   1913
22 ER61 2001                1    556
23 ER61 2007                1   1224
24 ER61 2012                1   1795
25 ER73 2008                1   1339
26 ER91 2013                1   1918
27 ER92 2009                1   1461
28 ER93 1998                1    209
29 ER93 2009                1   1462
30 ER93 2012                1   1803
31 ER95 2008                1   1344
32 ER95 2011                1   1688
33 HU27 2003                1    776
34 HU32 2004                1    893
35 HU37 2004                1    895
36 HU37 2006                1   1125
37 HU37 2011                1   1697
38 HU38 2003                1    779
39 HU38 2006                1   1126
40 HU38 2009                1   1473
41 HU48 2010                1   1590
42 HU48 2012                1   1817
43 HU53 2009                1   1477
44 HU54 2000                1    450
45 HU54 2005                1   1018
46 HU96 2007                1   1251
47 HU96 2011                1   1708
48 HU98 1998                1    214
49 MI17 2009                1   1487
50 MI30 2001                1    591
51 MI30 2007                1   1263
52 MI30 2013                1   1952
53 MI42 2007                1   1270
54 MI49 2007                1   1274
55 MI50 2007                1   1275
56 MI52 2005                1   1047
57 ON12 2007                1   1280
58 ON41 2005                1   1053
59 ON64 2011                1   1747
60 ON65 2006                1   1206
61 ON65 2013                1   1982
62 ON67 2007                1   1293
63 ON69 2010                1   1638
64 ON69 2011                1   1751
65 SU04 2006                1   1168
66 SU05 2001                1    626
67 SU05 2003                1    843
68 SU06 2001                1    627
69 SU06 2012                1   1877
70 SU10 2007                1   1308
71 SU14 2010                1   1654
72 SU16 2008                1   1431
73 SU18 2003                1    858
74 SU20 2003                1    860
75 SU20 2010                1   1661
76 SU21 2006                1   1187
77 SU22 2008                1   1438
[1] "****************"
[1] "Analyzing Lake SU"
    site year  fluoRatio fileId
1   SU06 2009  0.9926046   1534
2   SU21 2010  1.0788721   1662
3   SU23 2009  1.0893751   1553
4   SU23 2000  1.1233105    519
5   SU23 2010  1.1243609   1664
6   SU21 2005  1.1364016   1087
7   SU11 2009  1.1508836   1540
8   SU14 2012  1.1597082   1887
9   SU05 2010  1.1621663   1644
10  SU16 2009  1.1872819   1545
11  SU06 2000  1.1914299    502
12  SU20 2010  1.1974829   1661
13  SU10 2004  1.1993338    967
14  SU19 2010  1.2107190   1660
15  SU23 1999  1.2148443    414
16  SU09 2009  1.2247523   1538
17  SU14 2010  1.2706288   1654
18  SU21 2009  1.2991888   1551
19  SU07 2009  1.3090110   1535
20  SU21 2004  1.3093402    979
21  SU04 2009  1.3101937   1532
22  SU01 2010  1.3114806   1640
23  SU10 2010  1.3121530   1650
24  SU06 2010  1.3157170   1645
25  SU23 2005  1.3304458   1089
26  SU08 2009  1.3346299   1537
27  SU14 2009  1.3424362   1543
28  SU23 2012  1.3500031   1898
29  SU01 2009  1.3584098   1528
30  SU13 2009  1.3588294   1542
31  SU23 2002  1.3796411    748
32  SU17 2009  1.4014914   1547
33  SU22 2013  1.4116915   2013
34  SU18 2001  1.4159206    639
35  SU05 2009  1.4338777   1533
36  SU11 2004  1.4381186    968
37  SU13 2010  1.4547929   1653
38  SU05 2005  1.4860326   1070
39  SU14 2004  1.4913583    971
40  SU12 2013  1.5198180   2001
41  SU06 2004  1.5205319    962
42  SU02 2009  1.5226892   1529
43  SU12 2009  1.5390842   1541
44  SU23 2007  1.5398974   1322
45  SU19 2009  1.5445886   1549
46  SU09 2004  1.5458481    966
47  SU09 2010  1.5641468   1649
48  SU07 2001  1.5803920    628
49  SU11 2000  1.6057858    507
50  SU19 2001  1.6109875    640
51  SU15 2010  1.6212170   1655
52  SU23 2008  1.6290397   1439
53  SU04 2010  1.6325556   1643
54  SU10 2009  1.6363709   1539
55  SU01 2004  1.6482236    955
56  SU15 2000  1.6635837    512
57  SU14 2000  1.6648655    511
58  SU16 2010  1.6709797   1656
59  SU12 2012  1.6833220   1885
60  SU13 2012  1.6886550   1886
61  SU15 2002  1.6984008    740
62  SU09 2013  1.7087367   1998
63  SU08 2007  1.7136966   1305
64  SU11 2010  1.7211813   1651
65  SU11 2012  1.7230030   1884
66  SU08 2010  1.7262779   1647
67  SU02 2010  1.7425172   1641
68  SU07 2002  1.7471926    732
69  SU21 1998  1.7600230    269
70  SU15 1999  1.7692999    407
71  SU18 2009  1.7969697   1548
72  SU13 2000  1.7984202    510
73  SU12 2010  1.7995069   1652
74  SU19 2005  1.8215862   1085
75  SU18 2010  1.8231596   1659
76  SU20 2005  1.8306000   1086
77  SU20 1999  1.8351103    412
78  SU09 1998  1.8424246    281
79  SU09 2008  1.8643556   1424
80  SU02 2005  1.8722024   1066
81  SU19 2012  1.8924070   1894
82  SU03 2010  1.9038582   1642
83  SU07 2010  1.9123642   1646
84  SU03 2009  1.9220134   1530
85  SU21 2001  1.9345538    641
86  SU12 2002  1.9360636    737
87  SU23 2006  1.9461506   1189
88  SU03 2005  1.9551879   1067
89  SU09 2001  1.9578183    630
90  SU15 2007  1.9886635   1313
91  SU06 2001  2.0043360    627
92  SU15 2004  2.0058290    972
93  SU23 2003  2.0210550    863
94  SU15 2006  2.0529920   1180
95  SU02 2001  2.0851322    623
96  SU13 2002  2.0992022    738
97  SU17 2001  2.0996554    638
98  SU08 2005  2.1008059   1072
99  SU01 2001  2.1075915    622
100 SU22 2009  2.1206693   1552
101 SU22 2004  2.1294088    980
102 SU13 2006  2.1354504   1178
103 SU22 2006  2.1385773   1188
104 SU23 2004  2.1465989    981
105 SU11 2008  2.1488540   1426
106 SU14 2001  2.1632309    635
107 SU22 1998  2.1660534    270
108 SU09 2000  2.1776082    505
109 SU23 2013  2.1848945   2014
110 SU19 1999  2.1893439    411
111 SU05 1999  2.1946758    395
112 SU11 2013  2.2147658   2000
113 SU07 2007  2.2159608   1304
114 SU20 2000  2.2172830    517
115 SU03 2012  2.2408022   1874
116 SU11 2003  2.2418972    850
117 SU09 2012  2.2584086   1881
118 SU17 2002  2.2747157    742
119 SU07 2000  2.2957014    503
120 SU02 2004  2.2972743    957
121 SU10 2012  2.2986732   1883
122 SU05 2000  2.2986923    501
123 SU06 2003  2.3157954    844
124 SU16 2004  2.3170287    973
125 SU16 2005  2.3238348   1079
126 SU17 2012  2.3289959   1891
127 SU14 2005  2.3308203   1077
128 SU07 2006  2.3319789   1171
129 SU21 2000  2.3378451    518
130 SU04 2003  2.3396281    842
131 SU05 1998  2.3745890    278
132 SU14 2013  2.3749784   2003
133 SU10 2001  2.3806764    631
134 SU04 2000  2.3822669    500
135 SU06 1999  2.3862040    396
136 SU09 2003  2.4015517    848
137 SU07 2005  2.4071895   1071
138 SU05 2004  2.4318036    961
139 SU11 2001  2.4383346    632
140 SU06 2006  2.4419631   1170
141 SU21 2012  2.4431012   1896
142 SU15 1998  2.4488123    287
143 SU18 2005  2.4506187   1082
144 SU02 1998  2.4506765    273
145 SU01 2005  2.5131549   1064
146 SU14 2007  2.5385828   1312
147 SU08 2000  2.5953223    504
148 SU03 1999  2.6051164    393
149 SU09 2002  2.6091547    734
150 SU17 2005  2.6274049   1081
151 SU06 1998  2.6276600    279
152 SU12 1999  2.6321619    404
153 SU08 2011  2.6460428   1762
154 SU12 2011  2.6583906   1766
155 SU12 2001  2.6774617    633
156 SU03 2001  2.6950141    624
157 SU02 2011  2.7027010   1755
158 SU03 2002  2.7043151    728
159 SU13 2011  2.7242417   1767
160 SU10 2002  2.7253090    735
161 SU16 2002  2.7323076    741
162 SU21 2007  2.7366036   1320
163 SU12 1998  2.7369352    284
164 SU14 2003  2.7398037    853
165 SU23 2011  2.7743190   1778
166 SU02 2006  2.7759624   1166
167 SU03 2003  2.7970735    841
168 SU06 2013  2.7981343   1993
169 SU16 2001  2.8012470    637
170 SU18 2002  2.8171553    743
171 SU13 2007  2.8318386   1311
172 SU16 1999  2.8324244    408
173 SU02 2000  2.8467979    498
174 SU08 1999  2.8559708    398
175 SU17 2000  2.8609482    514
176 SU12 2000  2.8658552    509
177 SU08 2003  2.8674666    847
178 SU08 2001  2.8711434    629
179 SU04 2012  2.8728813   1875
180 SU14 1998  2.9922341    286
181 SU16 2000  2.9976509    513
182 SU12 2007  3.0159412   1310
183 SU02 2003  3.0253755    840
184 SU22 2003  3.0322446    862
185 SU14 2011  3.0331824   1768
186 SU01 1999  3.0719220    391
187 SU20 2008  3.0762398   1436
188 SU18 1998  3.0815253    290
189 SU02 1999  3.1002640    392
190 SU19 2011  3.1153369   1774
191 SU01 1998  3.1173097    271
192 SU10 2003  3.1450104    849
193 SU22 2008  3.1614401   1438
194 SU07 2013  3.1626599   1994
195 SU04 2006  3.1711100   1168
196 SU19 1998  3.1887433    291
197 SU03 2000  3.2025764    499
198 SU01 2000  3.2191583    497
199 SU19 2000  3.2312579    516
200 SU20 2004  3.2588389    978
201 SU04 2007  3.2737827   1301
202 SU05 2006  3.3006150   1169
203 SU05 2003  3.3029911    843
204 SU04 1999  3.3060767    394
205 SU14 1999  3.3686860    406
206 SU16 1998  3.3735367    288
207 SU07 1999  3.3953502    397
208 SU08 1998  3.4229113    293
209 SU02 2007  3.4313033   1299
210 SU16 2012  3.4723283   1889
211 SU01 2013  3.4829745   1987
212 SU04 2004  3.5062682    959
213 SU07 1998  3.5174201    280
214 SU05 2012  3.5234277   1876
215 SU11 2007  3.5522564   1309
216 SU12 2008  3.5973464   1427
217 SU04 2013  3.6093847   1991
218 SU16 2007  3.6247163   1314
219 SU21 2003  3.6255207    861
220 SU02 2008  3.6275136   1416
221 SU11 1998  3.6636011    283
222 SU07 2003  3.6903291    845
223 SU20 2007  3.7016982   1319
224 SU10 1999  3.7176151    401
225 SU18 2011  3.7213079   1773
226 SU16 2008  3.7399095   1431
227 SU12 2003  3.7570213    851
228 SU17 2004  3.7609375    974
229 SU01 2008  3.7627107   1415
230 SU02 2012  3.7647361   1873
231 SU03 1998  3.7677913    274
232 SU08 2013  3.7762463   1995
233 SU06 2008  3.7857500   1420
234 SU01 2012  3.8011728   1871
235 SU20 2006  3.8088802   1186
236 SU04 2005  3.8112012   1068
237 SU07 2012  3.8442904   1878
238 SU11 2006  3.8677816   1176
239 SU16 2003  3.8909636    855
240 SU10 1998  3.8933184    282
241 SU20 2011  3.9700367   1775
242 SU07 2008  3.9903920   1421
243 SU03 2013  3.9924789   1990
244 SU04 2002  4.0017618    729
245 SU17 2006  4.0067976   1182
246 SU02 2013  4.0440796   1989
247 SU18 2000  4.0617776    515
248 SU01 2003  4.1242899    839
249 SU09 1999  4.1412144    400
250 SU04 2011  4.1475652   1757
 [ reached getOption("max.print") -- omitted 118 rows ]
   Min. 1st Qu.  Median    Mean 3rd Qu.    Max.    NA's 
 0.9926  1.8410  2.6680  3.1710  3.7700 14.6500      60 
      year        DCL_depth      TRM_segment       DCL_conc      
 Min.   :1998   Min.   : 7.25   Min.   : 4.00   Min.   :0.07855  
 1st Qu.:2002   1st Qu.:24.75   1st Qu.:12.25   1st Qu.:1.11415  
 Median :2006   Median :29.75   Median :16.25   Median :1.67835  
 Mean   :2006   Mean   :29.94   Mean   :18.00   Mean   :1.97813  
 3rd Qu.:2009   3rd Qu.:35.06   3rd Qu.:21.75   3rd Qu.:2.44583  
 Max.   :2013   Max.   :55.25   Max.   :60.00   Max.   :8.16850  
                NA's   :24      NA's   :12      NA's   :30       
   year   median
1  1998 3.117310
2  1999 2.832424
3  2000 2.360056
4  2001 2.103623
5  2002 2.441935
6  2003 3.088628
7  2004 2.138004
8  2005 2.100806
9  2006 3.937290
10 2007 3.588486
11 2008 4.183701
12 2009 1.358410
13 2010 1.564147
14 2011 4.148513
15 2012 2.386049
16 2013 3.609385
$stats
         [,1]     [,2]     [,3]     [,4]     [,5]     [,6]     [,7]     [,8]     [,9]    [,10]    [,11]     [,12]    [,13]    [,14]    [,15]    [,16]
[1,] 1.760023 1.214844 1.123310 1.415921 1.379641 2.021055 1.199334 1.136402 1.946151 1.539897 1.629040 0.9926046 1.078872 2.646043 1.159708 1.411691
[2,] 2.450677 2.194676 1.798420 1.946186 1.841628 2.570678 1.520532 1.826093 2.441963 2.736604 3.597346 1.2991888 1.270629 2.903751 1.807705 2.294872
[3,] 3.117310 2.832424 2.360056 2.103623 2.441935 3.088628 2.138004 2.100806 3.937290 3.588486 4.183701 1.3584098 1.564147 4.148513 2.386049 3.609385
[4,] 3.663601 3.306077 2.997651 2.557898 2.728808 3.823992 3.258839 2.428904 4.755486 6.342479 5.802197 1.5390842 1.726278 5.847417 3.782954 4.434518
[5,] 4.619139 4.141214 4.148323 2.871143 4.001762 4.743473 5.018974 2.627405 7.389180 9.400105 7.854134 1.7969697 1.912364 9.536122 5.276500 7.626144

$n
 [1] 21 17 22 16 12 20 18 15 22 22 22 21 21 20 20 19

$conf
         [,1]     [,2]     [,3]     [,4]     [,5]     [,6]     [,7]     [,8]     [,9]    [,10]    [,11]    [,12]    [,13]    [,14]    [,15]    [,16]
[1,] 2.699112 2.406529 1.956087 1.861997 2.037286 2.645833 1.490642 1.854887 3.157963 2.373822 3.440981 1.275698 1.407046 3.108520 1.688195 2.833813
[2,] 3.535507 3.258320 2.764025 2.345250 2.846584 3.531422 2.785366 2.346725 4.716616 4.803151 4.926420 1.441122 1.721247 5.188507 3.083902 4.384957

$out
 [1]  5.709135  8.985010  3.811201  9.128226 14.647689 12.739549  9.596825  1.922013  2.120669 11.157770  7.141685  7.973566 10.121662

$group
 [1]  1  7  8  9 10 11 11 12 12 14 15 16 16

$names
 [1] "1998" "1999" "2000" "2001" "2002" "2003" "2004" "2005" "2006" "2007" "2008" "2009" "2010" "2011" "2012" "2013"

   site   median    Lat   Long Running
1  SU01 3.168234 46.993 85.161       1
2  SU02 2.775962 47.361 85.621       1
3  SU03 2.750694 46.894 85.851       1
4  SU04 3.306077 47.259 86.348       1
5  SU05 2.866209 46.775 86.556       1
6  SU06 2.414084 48.559 86.377       1
7  SU07 2.407189 48.074 86.591       1
8  SU08 2.867467 47.606 86.818       1
9  SU09 2.177608 48.437 87.086       1
10 SU10 3.717615 47.514 87.546       1
11 SU11 2.214766 48.344 87.825       1
12 SU12 2.667926 47.856 88.042       1
13 SU13 2.117326 48.230 88.544       1
14 SU14 2.374978 47.741 88.737       1
15 SU15 1.988664 48.083 89.253       1
16 SU16 3.185594 47.621 89.463       1
17 SU17 3.760937 47.164 89.662       1
18 SU18 4.061778 47.514 90.152       1
19 SU19 2.652340 47.370 90.854       1
20 SU20 3.167539 46.883 90.283       1
21 SU21 2.337845 47.158 87.786       1
22 SU22 2.152315 46.800 91.750       1
23 SU23 1.459769 46.597 84.807       1
    site year DCL_depth fileId
1   SU22 2011      7.25   1777
2   SU19 2005      8.75   1085
3   SU15 2004      9.00    972
4   SU20 2002     11.75    745
5   SU19 2002     12.25    744
6   SU11 2008     12.50   1426
7   SU22 2004     12.75    980
8   SU13 2001     13.50    634
9   SU22 2002     13.50    747
10  SU15 2002     14.00    740
11  SU22 2008     15.00   1438
12  SU13 2000     15.50    510
13  SU15 2001     15.75    636
14  SU20 2010     15.75   1661
15  SU22 2013     15.75   2013
16  SU13 2008     16.25   1428
17  SU15 2010     16.75   1655
18  SU22 2006     17.25   1188
19  SU13 2003     17.50    852
20  SU13 2004     17.75    970
21  SU20 2005     18.25   1086
22  SU13 2011     18.50   1767
23  SU12 1999     18.75    404
24  SU06 2013     19.50   1993
25  SU15 1999     19.50    407
26  SU15 2013     19.50   2004
27  SU16 2001     19.75    637
28  SU19 2009     19.75   1549
29  SU13 2012     20.00   1886
30  SU20 2006     20.00   1186
31  SU06 2008     20.25   1420
32  SU13 2009     20.50   1542
33  SU14 2009     20.50   1543
34  SU18 2005     20.50   1082
35  SU19 1999     20.50    411
36  SU20 2011     20.50   1775
37  SU22 2010     20.50   1663
38  SU06 2007     20.75   1303
39  SU19 1998     20.75    291
40  SU20 2007     20.75   1319
41  SU13 2002     21.00    738
42  SU16 2004     21.25    973
43  SU17 2002     21.25    742
44  SU19 2001     21.25    640
45  SU07 2009     21.50   1535
46  SU19 2013     21.50   2010
47  SU16 2002     21.75    741
48  SU19 2004     21.75    977
49  SU19 2011     21.75   1774
50  SU11 1999     22.00    402
51  SU22 2003     22.00    862
52  SU02 2004     22.25    957
53  SU06 2010     22.25   1645
54  SU06 2011     22.25   1759
55  SU12 2002     22.25    737
56  SU14 2001     22.25    635
57  SU15 2011     22.25   1769
58  SU23 2002     22.25    748
59  SU05 2003     22.50    843
60  SU09 2006     22.50   1174
61  SU10 2007     22.50   1308
62  SU11 2002     22.50    736
63  SU14 2004     22.50    971
64  SU15 2003     22.50    854
65  SU09 2000     22.75    505
66  SU23 1999     22.75    414
67  SU23 2000     22.75    519
68  SU13 2007     23.00   1311
69  SU19 2003     23.00    859
70  SU18 2002     23.25    743
71  SU01 2011     23.50   1753
72  SU14 2007     23.50   1312
73  SU21 2003     23.50    861
74  SU04 2009     23.75   1532
75  SU09 1999     23.75    400
76  SU11 2000     23.75    507
77  SU22 1998     23.75    270
78  SU18 2001     24.00    639
79  SU05 2010     24.25   1644
80  SU10 2002     24.25    735
81  SU22 2009     24.25   1552
82  SU03 1999     24.50    393
83  SU15 2007     24.50   1313
84  SU19 2006     24.50   1185
85  SU20 1999     24.50    412
86  SU01 2009     24.75   1528
87  SU10 2003     24.75    849
88  SU03 2004     25.00    958
89  SU09 2002     25.25    734
90  SU14 2010     25.25   1654
91  SU16 1999     25.25    408
92  SU18 2004     25.25    976
93  SU03 2001     25.50    624
94  SU09 2004     25.50    966
95  SU15 2006     25.50   1180
96  SU19 2000     25.50    516
97  SU02 2002     25.75    727
98  SU13 1999     25.75    405
99  SU17 2001     25.75    638
100 SU18 2010     25.75   1659
101 SU10 2008     26.00   1425
102 SU11 2003     26.00    850
103 SU03 2002     26.25    728
104 SU10 2013     26.25   1999
105 SU01 2002     26.50    725
106 SU03 2010     26.50   1642
107 SU07 2000     26.50    503
108 SU17 2005     26.50   1081
109 SU18 2009     26.50   1548
110 SU22 2005     26.50   1088
111 SU04 1999     26.75    394
112 SU06 2012     26.75   1877
113 SU11 2011     27.00   1765
114 SU15 2008     27.25   1430
115 SU23 2003     27.25    863
116 SU23 2009     27.25   1553
117 SU11 2010     27.50   1651
118 SU12 2012     27.50   1885
119 SU13 2006     27.50   1178
120 SU17 2006     27.50   1182
121 SU19 2010     27.50   1660
122 SU05 2009     27.75   1533
123 SU07 2005     27.75   1071
124 SU11 2004     27.75    968
125 SU16 2008     27.75   1431
126 SU20 2003     27.75    860
127 SU01 2003     28.00    839
128 SU02 2010     28.00   1641
129 SU10 2009     28.00   1539
130 SU13 1998     28.00    285
131 SU16 2010     28.00   1656
132 SU05 1999     28.25    395
133 SU06 2003     28.25    844
134 SU07 2003     28.25    845
135 SU14 1999     28.25    406
136 SU17 2003     28.25    857
137 SU22 2007     28.25   1321
138 SU03 2006     28.50   1167
139 SU09 2008     28.50   1424
140 SU10 2011     28.50   1764
141 SU11 2009     28.50   1540
142 SU11 2012     28.50   1884
143 SU14 2008     28.50   1429
144 SU16 2000     28.50    513
145 SU19 2008     28.50   1435
146 SU01 1998     28.75    271
147 SU01 2006     28.75   1164
148 SU02 2011     28.75   1755
149 SU09 2003     28.75    848
150 SU10 1998     28.75    282
151 SU10 2001     28.75    631
152 SU18 1998     28.75    290
153 SU18 2006     28.75   1184
154 SU01 1999     29.00    391
155 SU03 2009     29.00   1530
156 SU11 2006     29.00   1176
157 SU14 2003     29.00    853
158 SU17 2004     29.00    974
159 SU18 2008     29.00   1434
160 SU23 2006     29.00   1189
161 SU02 2000     29.25    498
162 SU02 2005     29.25   1066
163 SU02 2013     29.25   1989
164 SU08 2009     29.25   1537
165 SU09 1998     29.25    281
166 SU09 2013     29.25   1998
167 SU05 2011     29.50   1758
168 SU06 2004     29.50    962
169 SU08 2005     29.50   1072
170 SU18 2011     29.50   1773
171 SU05 2001     29.75    626
172 SU09 2012     29.75   1881
173 SU18 2012     29.75   1893
174 SU20 2000     29.75    517
175 SU01 2004     30.00    955
176 SU02 1999     30.00    392
177 SU02 2009     30.00   1529
178 SU06 2000     30.00    502
179 SU11 2013     30.00   2000
180 SU16 2005     30.00   1079
181 SU18 2007     30.00   1317
182 SU02 1998     30.25    273
183 SU04 2006     30.25   1168
184 SU07 2002     30.25    732
185 SU10 1999     30.25    401
186 SU12 2006     30.25   1177
187 SU14 2005     30.25   1077
188 SU14 2013     30.25   2003
189 SU17 1999     30.25    409
190 SU18 2000     30.25    515
191 SU03 2011     30.50   1756
192 SU12 2003     30.50    851
193 SU15 2000     30.50    512
194 SU01 2013     30.75   1987
195 SU04 2000     30.75    500
196 SU06 2001     30.75    627
197 SU16 2009     30.75   1545
198 SU17 2009     30.75   1547
199 SU19 2012     30.75   1894
200 SU05 2002     31.00    730
201 SU21 2001     31.00    641
202 SU05 2013     31.25   1992
203 SU12 2009     31.25   1541
204 SU14 1998     31.25    286
205 SU19 2007     31.25   1318
206 SU01 2007     31.50   1297
207 SU07 2008     31.50   1421
208 SU12 1998     31.50    284
209 SU23 2008     31.50   1439
210 SU09 2009     31.75   1538
211 SU11 1998     31.75    283
212 SU16 2006     31.75   1181
213 SU18 1999     31.75    410
214 SU12 2001     32.00    633
215 SU16 1998     32.00    288
216 SU20 2004     32.00    978
217 SU07 1998     32.25    280
218 SU04 2010     32.50   1643
219 SU07 2006     32.75   1171
220 SU11 2001     32.75    632
221 SU12 2011     32.75   1766
222 SU23 2004     32.75    981
223 SU04 1998     33.00    277
224 SU07 2004     33.00    963
225 SU04 2005     33.50   1068
226 SU07 2007     33.50   1304
227 SU08 2008     33.50   1423
228 SU12 2007     33.50   1310
229 SU04 2004     33.75    959
230 SU06 1999     33.75    396
231 SU07 2011     33.75   1760
232 SU08 1999     33.75    398
233 SU08 2004     33.75    964
234 SU10 2000     33.75    506
235 SU14 2000     33.75    511
236 SU23 2012     33.75   1898
237 SU04 2002     34.00    729
238 SU05 2000     34.00    501
239 SU09 2007     34.00   1307
240 SU16 2013     34.00   2005
241 SU17 2011     34.00   1771
242 SU09 2010     34.25   1649
243 SU17 1998     34.25    289
244 SU17 2013     34.25   2006
245 SU21 2011     34.25   1776
246 SU06 2006     34.50   1170
247 SU09 2011     34.50   1763
248 SU21 2007     34.50   1320
249 SU02 2003     34.75    840
250 SU02 2008     34.75   1416
 [ reached getOption("max.print") -- omitted 118 rows ]
[1] "TRM_segment"
[1] "epi_mean_Specific_Conductivity"

	Pearson's product-moment correlation

data:  cleanData[, surfaceWC] and cleanData[, aa]
t = -2.1241, df = 324, p-value = 0.03442
alternative hypothesis: true correlation is not equal to 0
95 percent confidence interval:
 -0.222976295 -0.008675103
sample estimates:
       cor 
-0.1171897 

[1] "DCL_conc"
[1] "epi_mean_Specific_Conductivity"

	Pearson's product-moment correlation

data:  cleanData[, surfaceWC] and cleanData[, aa]
t = 1.6882, df = 305, p-value = 0.0924
alternative hypothesis: true correlation is not equal to 0
95 percent confidence interval:
 -0.01589673  0.20593753
sample estimates:
       cor 
0.09621502 

[1] "DCL_depth"
[1] "epi_mean_Specific_Conductivity"

	Pearson's product-moment correlation

data:  cleanData[, surfaceWC] and cleanData[, aa]
t = -1.1107, df = 311, p-value = 0.2676
alternative hypothesis: true correlation is not equal to 0
95 percent confidence interval:
 -0.17251620  0.04834035
sample estimates:
        cor 
-0.06285743 

[1] "TRM_segment"
[1] "epi_mean_Temperature"

	Pearson's product-moment correlation

data:  cleanData[, surfaceWC] and cleanData[, aa]
t = 1.3054, df = 326, p-value = 0.1927
alternative hypothesis: true correlation is not equal to 0
95 percent confidence interval:
 -0.03646503  0.17900763
sample estimates:
       cor 
0.07211264 

[1] "DCL_conc"
[1] "epi_mean_Temperature"

	Pearson's product-moment correlation

data:  cleanData[, surfaceWC] and cleanData[, aa]
t = -0.020435, df = 306, p-value = 0.9837
alternative hypothesis: true correlation is not equal to 0
95 percent confidence interval:
 -0.1129119  0.1106047
sample estimates:
         cor 
-0.001168196 

[1] "DCL_depth"
[1] "epi_mean_Temperature"

	Pearson's product-moment correlation

data:  cleanData[, surfaceWC] and cleanData[, aa]
t = 2.8962, df = 312, p-value = 0.004045
alternative hypothesis: true correlation is not equal to 0
95 percent confidence interval:
 0.05205006 0.26769187
sample estimates:
      cor 
0.1618019 

[1] "TRM_segment"
[1] "epi_mean_Fluorescence"

	Pearson's product-moment correlation

data:  cleanData[, surfaceWC] and cleanData[, aa]
t = 0.39293, df = 326, p-value = 0.6946
alternative hypothesis: true correlation is not equal to 0
95 percent confidence interval:
 -0.08674005  0.12974444
sample estimates:
       cor 
0.02175723 

[1] "DCL_conc"
[1] "epi_mean_Fluorescence"

	Pearson's product-moment correlation

data:  cleanData[, surfaceWC] and cleanData[, aa]
t = 15.915, df = 306, p-value < 2.2e-16
alternative hypothesis: true correlation is not equal to 0
95 percent confidence interval:
 0.6068412 0.7298286
sample estimates:
      cor 
0.6729598 

[1] "DCL_depth"
[1] "epi_mean_Fluorescence"

	Pearson's product-moment correlation

data:  cleanData[, surfaceWC] and cleanData[, aa]
t = -1.631, df = 312, p-value = 0.1039
alternative hypothesis: true correlation is not equal to 0
95 percent confidence interval:
 -0.20059050  0.01892872
sample estimates:
        cor 
-0.09194793 

[1] "TRM_segment"
[1] "epi_mean_Beam_Attenuation"

	Pearson's product-moment correlation

data:  cleanData[, surfaceWC] and cleanData[, aa]
t = 0.53732, df = 306, p-value = 0.5914
alternative hypothesis: true correlation is not equal to 0
95 percent confidence interval:
 -0.08133536  0.14197339
sample estimates:
       cor 
0.03070213 

[1] "DCL_conc"
[1] "epi_mean_Beam_Attenuation"

	Pearson's product-moment correlation

data:  cleanData[, surfaceWC] and cleanData[, aa]
t = -1.01, df = 287, p-value = 0.3133
alternative hypothesis: true correlation is not equal to 0
95 percent confidence interval:
 -0.17369895  0.05625257
sample estimates:
        cor 
-0.05951268 

[1] "DCL_depth"
[1] "epi_mean_Beam_Attenuation"

	Pearson's product-moment correlation

data:  cleanData[, surfaceWC] and cleanData[, aa]
t = -2.0611, df = 293, p-value = 0.04017
alternative hypothesis: true correlation is not equal to 0
95 percent confidence interval:
 -0.230598038 -0.005424513
sample estimates:
       cor 
-0.1195483 

[1] "TRM_segment"
[1] "epi_mean_DO"

	Pearson's product-moment correlation

data:  cleanData[, surfaceWC] and cleanData[, aa]
t = -2.6602, df = 303, p-value = 0.008225
alternative hypothesis: true correlation is not equal to 0
95 percent confidence interval:
 -0.25898381 -0.03943189
sample estimates:
       cor 
-0.1510703 

[1] "DCL_conc"
[1] "epi_mean_DO"

	Pearson's product-moment correlation

data:  cleanData[, surfaceWC] and cleanData[, aa]
t = 1.1381, df = 285, p-value = 0.256
alternative hypothesis: true correlation is not equal to 0
95 percent confidence interval:
 -0.04889695  0.18163114
sample estimates:
       cor 
0.06726477 

[1] "DCL_depth"
[1] "epi_mean_DO"

	Pearson's product-moment correlation

data:  cleanData[, surfaceWC] and cleanData[, aa]
t = -2.668, df = 291, p-value = 0.008059
alternative hypothesis: true correlation is not equal to 0
95 percent confidence interval:
 -0.2644257 -0.0406524
sample estimates:
       cor 
-0.1545201 

